0 555 828 829 830 831 832 833 834 500 765 549 835 836 837 838 839
1 928 289 1023 1024
2 1137 1138 1139 1140
3 1116 168 654 2151 1567 2152 2153 1529 2154 2155 2156 2157 2158 1613 2159 2160 2161 1608 2162 601 2163 2164 2165 2166 2167 2168 2169 2170 1372 2171 2172 2173 2174 2175 2176 2177 2178 2179 2180 2181
4 1669 1192 2260 425 2261
5 772 31 162 819 1196 2400 2401 490 1896 2402 2403 2404
6 808 2671 2672 2673 1230 382
7 2932 1052 2933 1207
8 613 833 2856 3214
9 1005 3584 537 3468
10 999 3857 3858 2008
11 3871 500 3321 3581 584 2694
12 3251 1922 1921 1607 502 4436 2970 54 3358 1360 4437 3193 811 2010 227 4438 504
13 3823 3991 2960 4641 792 3644
14 1647 2950 3851 4533
15 3178 1466 4756 1282
16 4768 3950 4036 4769 1844 1150 931 3970 4770 2864 119 2041 708 4771 942 4772 4773 1934 4774 2989 1333 4775 3476 1901 3328 973 2743 1517 1848 177 1450 3993 4776 4777 4778 4779 4780 2132 4467 4781 1340 4782 4783 1346 1871 4784 4469 954 3674 4785 2338 4786 3219 4787 160 4788 1845 158 4789 4790 54 1106 4791 1846 3986 4398 4792 2229 4793 558 1343 3329 3123 4794 4795 4796 4144 4797 4399 4133 1341 4798 4799 1969 215 4800 3921 4801 3383 4802 290 4803 291 4804 4805 4806 2050 4807 806 4808 4809 1203 3693 4439 4810 4811 4812 1847 618 2996 4813 4814 3398 1182 825 50 131 836 3290 1923 4815 6 4816 137 4754 4817 4818 4819 4820 4821 4822 4823 3929 4824 4825 4826 4827 4828 4508 3218 3851 3381 4829 4830 4831 2221 4832 4833 4834 4835 4836 3347 2462 4837 4838 4839 4840 4841 1233 1476 4842 4843 4844 3911 166 2119 171 3700 1126 4845 4846 55 1111 1636 2275 3718 1511 1867 26 1491 4847 4848 1038 2097 934 4849 4850 4851 871 4852 1896 4853 574 1716 4854 4855 810 9 4028 2941 795 3300 4856 440 2521 1221 1455 1032 1499 1282 4331 4857 1026 4858 4859 4860 3845 4683 1461 4861 4862 4863 4864 212 1703 4865 793 4866 293 4867 1496 633 4868 652 1702 332 2220 1465 1501 920 4869 3836 3319 1866 3722 717 521 4870 4871 2688 4872 4873 1926 2070 4874 4586 1202 4875 53 1125 1453 272 3969 75 3583 4537 1448 2912 1930 492 636 4876 2107 4877 3712 1849 4878 236 2 261 4330 1187 4879 1509 1508 4880 4881 196 4882 4883 258 1177 2346 4884 2011 1928 4885 2343 1518 1526 1322 4343 1881 4067 4886 4887 1877 1695 4888 1876 2360 1544 2141 4175 1933 4227 4889 365 2135 4890 1522 1557 4891 193 4892 4893 4894 4895 4896 4897 4898 4899 351 2691 4900 1945 1582 203 4901 281 1596 728 116 1168 4902 1174 946 1991 1529 988 4903 4904 3154 1158 4905 2054 707 4906 4907 1560 397 1112 1839 4908 4671 1381 1939 1199 4909 4910 2453 366 2294 1654 4911 2355 1955 4170 4912 4913 1954 3384 2473 3240 2321 1530 1135 1157 2295 4914 1153 3331 4915 4916 1850 526 4917 4918 4919 181 4920 3379 1383 0 15 8 240 17 1948 3971 3199 664 2751 1543 1697 2527 4921 2526 710 3135 1555 659 1421 1835 662 1490 2528 622 2579 1388 1386 634 646 640 359 4922 3225 4923 1833 669 4924 1854 3992 2130 1542 3120 1193 1422 2215 2621 481 4483 4254 941 3307 665 2971 4925 3259 1942 4926 687 4927 172 649 657 4928 2536 1963 3729 518 2693 667 3840 4929 4447 4054 4261 1556 3270 2555 967 3265 4548 4127 1562 1961 3727 4930 4931 2312 4932 1889 469 4933 4934 4935 951 4936 3386 1571 3262 672 4937 4938 4939 4940 955 1564 4941 1914 1545 1040 3973 4632 3261 4942 4171 3082 3735 3263 4943 4944 4945 4946 961 3738 3088 4947 3087 4363 3125 671 4948 4949 453 1573 4950 4559 4951 681 3050 4952 670 3447 4953 4954 3599 4955 1020 4956 4957 458 4958 4959 4960 3720 3445 3486 3976 3837 4961 4962 1888 2848 690 1146 3728 4963 3355 4964 1965 4965 1391 1966 1147 1601 2146 3266 3996 4966 4967 1627 3849 4968 4969 2076 430 1980 1397 4513 1565 4970 4971 2329 4972 4973 136 2838 4974 4975 4207 3995 437 1971 4976 1584 3998 1097 4977 3746 4978 884 4979 4980 4035 108 4981 3913 441 4982 4983 4984 4985 4986 1591 683 4987 1731 195 206 4988 4989 159 605 134 135 2640 4990 4407 1263 745 4991 143 1477 139 452 1169 771 443 3739 1559 3776 1916 389 4992 1655 4993 4994 3009 182 4995 3782 150 4996 1063 4078 416 1403 4997 2596 1593 1589 3752 467 4998 2597 460 4999 2378 3777 1733 5000 2599 2600 5001 910 5002 2595 2601 3675 1728 1149 4462 1898 2602 5003 4335 5004 5005 1592 4696 2603 5006 5007 472 300 4692 5008 5009
17 1842 2094 1837 947 2750 266 3986 808 5187 985
18 1063 846 5294 504 394 852 505 866 5010 2089 1545 316 198 520 204 3887 1641 1602 5295 2308 480 3967 5296 5297 5298 5299 5279 5300 2029 2279 2156 2898 5301 314 2280 5302 5303 5304 5305 5306 5307 5308 5129 5309
19 4840 5445 4823 5446 4787 4832 2885 5447 5448 5449 5450 4838 3067 1098 5451 5452 5453 2992 5454 2988 5455 4831 2997 5186 1639 2220 68 5456 5457 2983 2221 3218 4825 2236 2073 2998 533 1178 762 1447 818 807 1180 218 1182 5458 1181 62 64 4489
20 1921 9 144 3656
21 5574 5575 1886 2014 5513 4344 898 5576 1786 214 4099 1784
22 54 3482 1453 5582 5583 3391 1206 3259 506 4898 2753 1773 4932 1257 5584 5585 1826 5586 2341 3614 4067 457 429 5587 1328 5588 2188 5589 2268 5590 5157 5591 5592 5593 5594 4521 5595 5596 5597 5598 5599 2473 1069 5600 5601 3246 5602 4538 5603 5604 5605 5444 5606 5607 2272 2631 5608 5609 5610 1330
23 621 3771 3321 5623 618 658 5627 4498 5756 952 5757 5758 5015 3894 2645 656 1411 5759 5760 1095 1359 5761 4364 672 234 2788 5762 701 4021 5763 3459 5764 5215 5026
24 3185 1718 541 1644
25 3168 5012 1520 2223 5951 1663 3321 1322 5952 5953 1636 5905 4894 5714 5153 4505 3316 1214 5650 781 496 614 5954 1032 3349 644 4638 1499 1467 5955 636 4423 4347 281 658 2751 5956 5957 2745 5958
26 1004 1347 2746 1348 5792 3909 3867 4316 6017 1151 5388 936 4149 1557 3159 3720 1174 895 692 6018 6019
27 3872 5638 3022 3744 243 30
28 1671 3177 4630 6092
29 1671 145 16 162 5987 5562 776 6136
30 6177 536 2065 948 5275 5506 6009 1727 2244
31 2470 3699 6178 4539 4213
32 3827 6237 1714 2012 3032 24 619 2740 548 547 2113 6238 1868 578 6239 3031
33 1684 6240 2363 5924 415 2364 6241 4410
34 5011 4538 6264 5961 5960
35 6344 784 4382 504 2924 4506 1476 628 4056 6345 6346 1177 2925 6347 2108 1675 322 3410 6101 4560 6348 1076 625 3939 896 6349 3249 786 5143 788 2096 3239 3944 3938 44 856 1119 5570 154 5665 2432 3017 4467 2575 1287 1292 5976 6350 3679 3826 1286 6351 1285 4212 6160 6352 3572 503 56 5626 163 1288 2458 847 6353 3941 588 4383 4386 3358 2812 6354 855 6355 4173 6356 1355 6161 1458 4321 171 576 6310 5336 4142 3706 2974 3942 1309 3959 6357 6358 5198 2770 5490 6311 3721 4145 6359 1855 189 6360 160 6361 255 1682 6362 6363 6364 3917 38 6007 1237 6365 4451 1460 6366 6367 858 3230 3244 4887 6368 3298 6369 2047 5565 3931 18 6370 6371 6372 789 3289 6373 5423 4110 3701 5337 2886 3196 4584 5266 3932 2122 4716 6309 6374 6375 1349 6376 871 6377 2045 3671 5328 5816 6378 3759 6379 1645 2471 2900 4218 4354 4107 1705 6292 3943 6380 3708 3758 5640 4214 2455 36 37 4139 1200 331 3480 6381 525 1353 3284 5425 6382 6383 1159 4542 2402 1203 607 4502 6184 1081 6384 6385 2016 2434 2546 3033 6386 1556 3362 2053 2413 3705 6387 1617 6388 790 3389 2963 5254 3966 34 1297 2519 2500 1923 5151 1296 4714 2292 5162 6389 1298 292 505 1867 3411 6325 3987 6390 5255 2365 159 1300 1313 1299 1352 5268 6391 4387 888 6392 1924 6314 5494 3897 2097 714 1301 5065 42 5703 6393 2360 3299 2825 1493 6394 5641 5256 6395 1038 52 2700 6396 5717 57 3920 5869 4428 6397 3703 2704 1303 2136 6398 6399 799 2771 2521 6400 6401 6402 1302 6403 4720 3110 5977 523 4717 3034 1429 6404 5422 5269 6405 1091 2902 6406 164 6407 822 3413 6408 2123 589 6409 1778 4718 4719 6410 47 6411 4724 2523 4219 4723 3910 3109 3300 6412 63 5624 2460 5496 6413 6414 6415 6416 3762 5427 6417 2504 3232 1354 1304 6418 1502 3898 6419 6420 1504 5208 6421 71 5271 6422 6423 1872 4179 1511 5264 1906 1209 4722 6424 5199 1892 6233 6425 5865 2857 5585 1491 1305 4725 6426 165 89 6427 634 6428 17 6299 3922 3828 2816 712 3363 6429 6430 3111 6431 6432 2211 174 4098 2345 6433 6434 4619 511 175 3094 861 6435 6436 6437 3027 6438 2408 4105 2346 5424 1092 6439 6440 6441 3632 6442 2736 3631 6443 3907 4108 6444 2935 6445 5410 1128 176 4578 6446 6447 6448 3399 5163 4605 716 3013 1307 5339 4180 6449 332 6450 4349 2433 513 6451 6452 6453 6241 5217 2737 6454 6335 1420 6455 6456 1164 1787 6457 4579 713 3076 6458 6214 6459 2564 5577 6460 5486 6461 6462 3344 5230 6463 6464 6465 6466 6467 3282 1161 6468 6469 6470 3763 5338 6471 1866 6472 6173 1646 717 3364 6473 794 6474 6475 2418 6476 6477 4417 6478 6479 1468 6480 6481 6185 6482 258 3896 1241 6483 4390 1992 3994 6484 3112 6485 509 2314 6486 2858 6487 510 3014 187 3026 5386 6488 5411 1243 796 4621 6208 5818 6489 6490 1013 6491 1893 5426 48 6492 6493 6494 2577 6495 6496 719 1014 6497 6498 435 661 1430 2461 3366 3711 6499 6500 6501 3122 3633 1308 6502 2447 6503 5397 4674 6504 6505 4580 2758 5329 6506 59 6507 6508 4453 6132 6509 6510 4452 3634 4063 5231 6511 598 173 3927 6512 6513 6514 6515 1434 6516 6517 6518 1678 2861 5428 1514 6519 3414 2823 4216 5364 6520 797 2826 640 2522 1498 4581 3390 1798 4215 6521 190 2708 6522 6523 6524 6525 6526 1166 6527 6312 256 2703 2702 169 6528 2715 3946 6529 6530 5801 6531 6532 6533 6534 5412 1510 6535 5413 6536 6537 6538 6539 6540 1776 6541 4221 2353 723 6542 6543 6544 6545 4501 516 637 5429 6546 5798 6547 5616 654 6548 6549 6023 6550 1507 2505 3712 4622 3231 6551 6552 6553 1452 3618 5414 5177 6554 5257 860 6555 2052 3658 6556 6557 6558 519 6559 178 1508 2263 3766 1432 6030 6560 3765 6561 4222 6562 6563 6564 6565 1512 180 1314 6566 6567 6568 5287 4543 6569 6570 909 1155 4045 2445 2474 6571 182 1506 6572 2690 6573 893 3847 6574 6575 6024 268 1133 6576 2421 6577 5253 346 5682 724 6578 6579 1873 6580 6581 6582 6583 6584 5885 6585 6586 1189 92 2467 6587 798 6588 5243 6589 6590 3877 6591 200 866 5568 6592 6593 6594 6595 6596 2648 6597 67 6598 2446 6599 4582 6600 1378 2860 6601 4454 2705 6602 6603 6604 6605 865 1207 2459 3113 1406 867 6606 6607 4341 6608 3347 6609 4068 1163 6610 6611 6612 3126 3391 5802 6613 2578 2348 6234 6614 1329 6615 3030 1828 205 6616 61 6617 6199 4223 1878 5887 6618 6619 6620 6621 6622 6623 6624 6625 6626 1143 184 2300 6627 6628 6629 6630 6631 990 6632 2644 261 1515 6633 6634 191 351 6635 3392 6133 1815 2601 5317 1931 1788 195 4224 6636 6637 6638 6639 6640 6641 3516 6642 6643 1162 6644 6645 3233 877 5206 3350 5990 6646 6647 5886 6648 6649 801 2901 4507 4182 1210 186 6650 5940 5369 3234 1541 1516 6205 646 6651 6652 65 6653 6654 6655 4343 1616 6656 6657 5330 4227 6658 6659 840 6660 3489 6661 6662 6663 3639 2463 3235 6664 3859 2706 4226 4544 6665 2403 6666 653 4064 5683 6667 6668 6669 192 6670 6671 6672 3160 1167 6673 6674 2007 6675 1042 6676 1310 1545 6677 2138 259 2349 6678 6054 2462 6679 4473 4455 5234 874 199 196 6680 2534 4624 3415 6681 6682 5875 3636 6683 3335 6684 2560 6685 6686 6687 6103 6688 5728 6689 522 5415 4228 6690 2182 6691 263 6692 2356 6693 5164 2862 1652 6694 5141 6695 4456 6696 6697 1995 6698 5737 6699 4891 2709 5684 6700 1136 6701 6153 6702 6703 6704 3600 5165 6705 6706 869 3310 1695 577 6707 2625 6708 6709 5877 4232 885 6710 6711 6712 5250 1526 6713 3042 6714 6715 6716 6717 1544 1518 647 1935 2465 6718 6719 4229 1212 355 6720 6721 1955 1165 6722 4379 2908 3635 4410 6723 3412 5937 6724 6226 6725 5557 6726 2451 6727 6728 5203 6729 1216 879 3565 6730 6731 4610 3429 6732 4067 6733 3878 4433 6734 6207 6735 6736 1882 5344 4376 2055 5166 6737 5316 6738 6739 6740 6741 6742 6743 1877 6744 868 6745 73 3311 4649 198 4597 6746 4230 1557 6137 6747 6748 1380 6749 6750 6751 4596 6752 4676 2435 1620 6753 5074 6754 3174 6755 5830 6756 6757 6758 4457 197 1829 4231 4898 4687 4093 83 6759 6760 5681 5493 6761 6762 2622 3714 6763 6764 6765 6766 5140 6767 4233 6768 3637 6769 1169 6020 6770 6771 5549 6772 6773 3038 5233 72 6774 6775 6019 6776 6777 1590 6778 6779 5430 3912 356 2269 2366 2535 6780 6781 6782 5552 6783 2352 6784 6785 6786 6787 2613 1522 727 4895 1800 1533 116 43 6788 4470 6789 6790 651 6791 6792 2154 6793 6135 6794 1885 6795 87 5096 1774 6165 5209 3945 6796 6797 6798 1939 729 6799 1527 6800 6801 6802 6803 6804 6805 4675 2258 4235 6806 6807 6245 880 1525 6808 6809 6810 648 878 6811 6812 3532 202 6813 6814 4686 6815 6816 563 359 6817 6818 6819 2566 6820 6025 6821 6822 6823 2616 6824 520 6825 725 6826 6827 1945 4236 6828 6829 6830 6831 6832 722 6833 1382 1327 5069 6834 6835 6836 3360 6837 6838 6839 6033 1582 3879 203 6840 1560 1173 6841 6842 6843 6844 728 1880 6845 1894 361 883 6846 6847 1940 6848 4611 6849 6850 6851 5097 6852 730 6853 6854 4546 6855 4545 6856 1174 5645 6857 4338 1550 4432 6858 6859 1433 6860 6861 6862 1381 6863 6864 4238 6865 6866 6867 362 6868 3477 6041 3538 5205 4688 6869 4348 2475 6870 6871 6872 3767 6188 4939 6873 6874 6875 6876 1093 1991 4237 2404 3725 1946 4241 2009 3028 5236 6240 6877 6878 5963 6879 6880 6881 6882 6883 6884 1529 4913 1435 1621 6885 6886 6887 6888 2716 5832 6889 6890 6891 5432 6892 2295 6893 6209 366 6894 2127 1530 5970 6895 4053 6896 1485 6897 6898 6045 3121 6899 5283 6900 6901 6902 5685 6903 881 6904 1666 6905 2790 6906 262 1941 5686 3331 2361 5443 6907 6908 1524 6909 6910 6911 3433 6912 6913 6914 6099 3638 6915 6916 2355 6917 6918 6919 6920 6921 6922 731 556 6923 6924 1383 436 6925 6926 76 6927 6928 3240 6929 2542 5632 6930 6931 6932 5610 882 6933 368 6934 3997 6935 2294 6936 6937 474 6938 6939 6940 1699 3880 5571 6941 204 6942 4677 4240 6943 6944 6945 6946 6947 6948 6949 3434 5520 6950 6951 6952 6953 6954 2046 6955 6956 6957 90 3107 2918 6958 3436 6959 6960 6961 6962 1985 6963 895 6964 279 6965 5237 5888 6966 6967 3881 3697 6968 6969 2551 6970 6971 6972 4434 6973 2711 3640 6974 6975 6211 863 2623 3598 6976 6977 6097 6978 6979 3131 6980 3492 117 3561 6981 6982 6983 6984 6985 6986 6987 82 1553 6988 282 4352 6989 2506 1486 1157 6282 732 3491 1569 6990 1487 6991 6992 6993 6994 6995 6996 6997 5909 6998 2579 6999 4474 7000 7001 7002 5514 7003 7004 7005 7006 2502 77 7007 7008 7009 2128 7010 7011 1884 4402 6317 3768 7012 5272 7013 7014 7015 7016 7017 4244 7018 7019 7020 5348 3016 7021 7022 1438 6167 4918 7023 7024 7025 1059 4243 7026 1546 206 7027 7028 5225 4351 7029 7030 7031 7032 2843 2357 1536 7033 7034 7035 7036 5912 1384 2903 4353 3882 4359 7037 7038 1791 7039 1407 5913 7040 7041 5978 7042 1988 2057 7043 7044 7045 6204 2358 7046 7047 664 5318 7048 1385 7049 5723 2904 5211 2129 5161 7050 7051 7052 7053 7054 7055 2296 7056 1987 7057 1555 7058 7059 7060 7061 6183 7062 5834 7063 763 3103 6162 2845 7064 84 7065 5725 7066 3832 5593 1996 7067 7068 7069 7070 7071 2110 378 669 4247 7072 3258 6210 4643 7073 7074 7075 7076 7077 5313 7078 886 3257 6094 2543 7079 7080 7081 7082 7083 7084 7085 100 7086 7087 7088 5510 2304 662 381 7089 7090 7091 7092 2865 7093 4249 2714 3005 7094 7095 7096 3831 7097 2945 7098 7099 7100 7101 7102 7103 7104 81 7105 7106 2717 406 1387 6246 2130 7107 902 7108 7109 1388 733 7110 2303 7111 7112 1576 7113 7114 7115 7116 7117 7118 7119 2545 7120 7121 7122 7123 1989 4250 7124 4927 3490 1154 5538 4251 2780 2866 7125 7126 7127 3894 7128 7129 897 4656 3404 1832 4253 7130 7131 7132 2573 4923 7133 7134 5962 7135 7136 7137 7138 1994 2867 99 7139 1094 7140 7141 7142 481 3575 7143 5431 7144 3887 7145 7146 3488 7147 7148 7149 2696 7150 3213 6166 5142 7151 7152 3382 527 5128 7153 7154 7155 86 7156 3171 1789 1890 7157 7158 7159 1993 5497 5880 894 7160 7161 7162 4256 85 7163 7164 7165 7166 7167 7168 7169 7170 4254 2259 1687 7171 7172 7173 2584 7174 5212 7175 7176 1238 5989 4255 3015 7177 5688 7178 7179 1488 7180 7181 7182 7183 7184 5876 7185 7186 734 2305 3595 7187 7188 7189 7190 1794 1792 5530 7191 7192 2905 7193 96 7194 7195 2481 7196 3120 7197 7198 568 396 3130 7199 7200 7201 3285 3519 7202 5726 5319 2791 7203 3733 7204 7205 7206 7207 7208 5312 3493 1547 7209 1096 890 7210 3524 7211 5939 7212 6250 7213 5523 7214 3514 7215 5629 7216 1570 7217 7218 7219 5295 1220 1625 7220 6198 7221 7222 1552 7223 7224 533 7225 7226 7227 4364 7228 475 7229 5727 7230 7231 5841 7232 7233 3508 7234 7235 7236 5334 5262 7237 3517 3883 7238 2324 7239 3520 7240 2489 3726 7241 7242 1599 7243 6290 7244 1947 88 4511 7245 5739 1240 7246 7247 4689 7248 7249 7250 7251 7252 3421 7253 4926 3295 7254 7255 6182 7256 7257 2879 3082 5340 7258 7259 3730 1548 2721 5915 7260 7261 7262 5724 7263 2555 7264 665 6100 7265 2385 2726 4357 7266 6068 4246 5745 7267 7268 7269 2265 2719 4938 5147 7270 2876 7271 7272 7273 5897 7274 7275 1640 7276 7277 2624 7278 7279 2377 7280 7281 7282 919 5345 4400 2693 7283 7284 7285 7286 682 4259 7287 7288 4401 7289 7290 7291 5836 5030 4258 7292 7293 7294 4264 7295 4598 7296 7297 2553 7298 7299 7300 7301 7302 7303 3773 7304 7305 7306 7307 7308 7309 7310 7311 7312 2572 7313 7314 7315 7316 4260 7317 7318 7319 7320 118 5917 1679 6193 7321 4263 7322 7323 7324 7325 7326 3494 7327 7328 7329 4154 4603 7330 7331 4262 4662 2266 673 7332 7333 3495 7334 2416 7335 7336 7337 5785 7338 6249 7339 7340 91 7341 7342 3293 2552 5630 7343 3528 1598 3904 7344 469 4054 2722 3128 7345 6052 7346 7347 7348 3694 7349 7350 736 5744 5021 7351 7352 7353 672 7354 7355 3504 5729 7356 6253 7357 7358 1997 6194 7359 7360 7361 7362 7363 7364 6046 1887 7365 7366 2312 7367 7368 407 4758 2267 667 4943 2254 7369 7370 2874 2325 5117 7371 7372 7373 5736 7374 4555 7375 7376 412 7377 4267 1390 1588 6324 7378 5517 5731 3870 7379 7380 7381 7382 7383 7384 738 4931 7385 1559 4155 7386 7387 3497 1665 7388 7389 7390 7391 2586 414 7392 1562 7393 735 1960 7394 1998 6047 7395 7396 7397 7398 1793 7399 3265 7400 7401 7402 6248 7403 2419 1245 2268 6201 7404 7405 7406 7407 7408 7409 7410 7411 7412 7413 7414 3727 7415 7416 7417 7418 7419 7420 7421 7422 7423 7424 7425 7426 7427 7428 7429 7430 7431 7432 7433 93 7434 7435 7436 2417 7437 7438 5847 7439 4403 7440 7441 7442 7443 7444 4740 7445 7446 6336 5814 7447 7448 1863 7449 7450 7451 7452 7453 7454 7455 7456 1017 4268 7457 2420 4269 7458 2414 7459 3577 7460 7461 7462 7463 2315 7464 7465 7466 2934 2364 7467 2878 7468 5084 7469 7470 7471 7472 7473 900 7474 1797 7475 7476 7477 7478 7479 3540 7480 7481 7482 7483 7484 2480 7485 7486 2570 4435 7487 7488 7489 7490 857 2146 7491 1571 7492 7493 2877 7494 7495 4270 7496 3052 7497 7498 5692 3523 7499 7500 3313 7501 5658 7502 7503 7504 7505 2415 7506 3732 7507 7508 7509 7510 3262 1999 7511 7512 7513 3496 7514 7515 7516 3531 3181 7517 2574 7518 7519 1580 5982 7520 3515 7521 7522 7523 2558 4602 7524 7525 5921 6203 4096 7526 3260 3772 7527 7528 7529 7530 97 418 7531 1572 7532 7533 7534 7535 6266 3895 7536 7537 2000 4416 3735 1394 907 4365 7538 5176 7539 1326 7540 7541 5157 4271 4942 5922 5813 5360 3503 2298 7542 4272 2478 101 7543 7544 7545 2001 6274 7546 7547 7548 3783 7549 5391 7550 7551 7552 7553 7554 6251 1573 7555 1244 7556 7557 7558 7559 7560 2121 6095 7561 3518 7562 7563 7564 2880 7565 7566 7567 5904 3088 671 3448 4946 5067 2881 4464 7568 7569 7570 7571 7572 3901 4952 7573 7574 7575 3510 7576 7577 5533 4273 3163 7578 4003 7579 3567 3125 2147 7580 4961 7581 4404 7582 7583 7584 7585 7586 7587 7588 7589 5531 7590 7591 4111 5168 453 7592 5899 7593 7594 7595 7596 2947 670 7597 7598 5590 705 4205 6058 2762 4408 7599 7600 7601 7602 7603 7604 7605 3506 1602 7606 7607 2782 7608 7609 7610 7611 7612 2422 5418 7613 7614 7615 7616 2392 1586 7617 7618 2869 7619 5118 7620 7621 7622 7623 5591 458 7624 7625 1316 7626 114 6050 1578 423 1802 7627 7628 7629 7630 7631 7632 7633 740 7634 7635 7636 4465 7637 1426 3301 7638 7639 7640 5743 7641 5314 7642 3127 7643 7644 1021 6202 7645 3728 6051 2078 7646 5111 7647 7648 242 7649 1817 7650 7651 7652 7653 4405 7654 7655 7656 7657 4540 7658 4512 7659 7660 7661 3502 5515 2184 4962 3731 7662 7663 7664 7665 7666 7667 3500 7668 7669 7670 2565 1976 7671 921 2847 4762 2781 7672 1425 741 7673 1966 7674 7675 7676 2423 4963 7677 3141 2788 7678 7679 7680 3552 7681 7682 7683 7684 3746 7685 5416 7686 7687 3547 7688 3402 7689 6252 1583 4367 7690 4634 7691 7692 7693 7694 5742 3545 3501 7695 5113 428 1441 3499 1807 7696 3507 7697 1391 7698 7699 3641 2026 7700 7701 3527 7702 7703 7704 7705 7706 7707 7708 7709 7710 7711 7712 7713 7714 7715 7716 7717 2424 3512 7718 6148 925 3770 3266 7719 7720 7721 7722 7723 103 7724 5086 7725 7726 2327 7727 5332 3312 7728 7729 7730 5689 7731 7732 5335 2079 7733 5346 7734 3505 7735 2006 7736 7737 7738 3549 7739 7740 5528 7741 7742 7743 7744 7745 674 1312 3396 7746 7747 3521 7748 7749 7750 4275 7751 2615 7752 841 7753 7754 7755 7756 7757 7758 7759 4971 7760 7761 7762 7763 7764 7765 4274 7766 105 4729 7767 5465 7768 1393 5420 1604 1801 7769 7770 7771 5419 3541 7772 5417 7773 7774 7775 7776 7777 7778 7779 7780 7781 6326 7782 5741 7783 7784 5343 7785 7786 7787 7788 5559 7789 4276 2373 5844 7790 7791 7792 1584 7793 2883 7794 7795 693 2031 109 7796 3513 7797 7798 2152 7799 6195 7800 1566 3747 7801 7802 7803 7804 2581 106 3774 7805 7806 7807 7808 5690 7809 5558 3511 7810 7811 7812 2425 6056 7813 3534 7814 7815 7816 5421 7817 3780 7818 2003 7819 5981 7820 7821 3525 5519 5525 7822 7823 1222 7824 7825 7826 7827 1568 7828 7829 5634 7830 7831 3734 7832 3226 2907 7833 7834 4112 7835 7836 7837 4210 7838 7839 3553 7840 7841 7842 6327 7843 7844 7845 2972 7846 7847 7848 7849 7850 7851 7852 5819 904 6221 7853 7854 7855 7856 2966 688 7857 6223 7858 7859 7860 7861 7862 3753 7863 2487 5526 7864 1970 7865 3934 7866 7867 7868 7869 7870 107 2370 7871 7872 7873 6296 7874 4694 7875 3522 439 7876 7877 5521 7878 7879 7880 7881 7882 3526 6228 4407 7883 7884 7885 5850 3245 4137 4373 7886 7887 7888 7889 7890 4760 7891 7892 7893 7894 3535 7895 7896 7897 1395 7898 3935 1574 7899 7900 4279 7901 7902 1804 7903 4278 7904 7905 7906 7907 7908 7909 3775 3657 4406 1585 7910 7911 7912 7913 7914 5959 3554 7915 7916 7917 7918 1731 3999 4280 4294 7919 2064 7920 7921 7922 7923 2725 7924 6229 7925 5169 7926 7927 7928 7929 7930 2909 3405 3529 7931 3530 5929 7932 455 7933 2381 5333 7934 110 5898 7935 7936 7937 4005 3542 7938 7939 452 3926 3776 7940 7941 4281 3533 7942 451 1587 454 2080 3737 7943 3537 7944 7945 1806 7946 1575 7947 2850 7948 2728 7949 3741 7950 3315 7951 2784 7952 7953 7954 4627 7955 7956 7957 7958 1805 7959 7960 7961 2159 7962 7963 2199 7964 7965 3550 7966 7967 7968 7969 7970 2375 3782 7971 2593 7972 4283 1825 3536 5820 1102 7973 7974 7975 7976 4996 7977 6048 7978 2906 542 7979 7980 7981 7982 7983 7984 3210 7985 7986 4284 5793 7987 7988 3546 2646 1019 2851 7989 2985 2379 2092 2293 7990 7991 5473 7992 7993 7994 460 7995 7996 7997 7998 7999 8000 8001 2378 4695 1594 8002 8003 8004 686 8005 1736 8006 8007 8008 6222 8009 8010 8011 2382 3905 8012 8013 5845 8014 6120 2380 1593 3564 5693 8015 1589 463 8016 8017 3555 8018 3544 2787 3556 8019 3053 1328 8020 8021 3601 5532 3557 699 3954 4496 6196 8022 3752 8023 8024 8025 3548 8026 6121 8027 6285 113 8028 1734 8029 5347 1971 5849 3981 5652 2309 2081 3578 8030 8031 8032 5218 8033 2308 8034 8035 8036 6298 8037 8038 112 8039 5279 8040 3543 8041 5980 8042 8043 5983 4742 3559 2610 2192 702 8044 8045 4073 2727 8046 8047 8048 5701 1440 8049 8050 5297 8051 8052 8053 6000 207 4693 4741 8054 8055 8056 6087 5017 5049 2485 2627 8057 8058 8059 8060 8061 8062 308 2786 4414 8063 3551 8064 2448 4696 5534 694 8065 8066 472 908 8067 8068 8069 8070 8071 8072 4097 2799 115 8073 8074 2647 8075 914 8076 5007 8077 4730 477 2035 8078 8079 3202 1592 3902 6197 1858 8080 8081 8082 4277 1419 3560 3563 478 5695 8083 8084 4288 8085 5479 476 1603 8086 3923 8087 4375 5999 8088 905 8089 8090 2386 8091 8092 8093 5349 121 3984 8094 8095 8096 8097 8098 8099 4707 3452 8100 8101 8102 3778 2982 8103 8104 5539 2612 5038 8105 8106 8107 1362 2277 8108 3314 1219 5984 443 3742 2278 8109 8110 5822 697 8111 1720 3558 3395 8112 812 4486 2449 8113 305 8114 8115 5823 8116 2427 2789 2062 8117 8118 3967 764 8119
36 1864 979 8138 8164
37 291 290 244 1856 2488 3904 2312 667 2966 1573 3905 193 5558 6000 8230 8231 2205 2928 4759 3893 1744 5991 916 3585 4295 1858 5967 599 8232 527 577 5478 460 27
38 8237 8217 2231 3949
39 8240 2779 4870 994 1810 815 3771 2763 4872 2524 325 486 3479
40 3834 1654 937 5050
41 2836 150 635 2778 866 2505 5372
42 846 2323 1601 4761 286 2030 1399 1764 4029 5088 5121 1751 5440 2835 5378 1259
43 1414 2580 1098 1864 2531 8383 5673 8384 2975 4617 4041 4049
44 316 3114 3410 2841 3190 3042 1169 2918 27
45 1404 8458 5619 8459
46 1936 162 606 1116 3140
47 8570 8571 4132 3168 8572 2082
48 4673 1118 2350 8709 3360 340 5312 2906
49 4106 1779 2774 898 1872 1166
50 153 2924 2096 4174
51 152 1124 5796 1162 8252 7716 8830 8514 3596 3145 8831 2850 3647 4311 2589 3790
52 1196 187 2442 640 646 8858
53 573 1331 1032 4172 6258 643 4861 2691 1596 1036 1532 2290
54 1969 829 8952 8953 5361 5655 4772 1967 4448 8954 4616
55 1904 823 1905 2248 1138 4130 541 1007
56 2412 4384 3110 5977
57 2808 35 266 4493
58 1848 2084 332 2879
59 145 210 623 8573 2919 3410 3408 521 502 3572 162 324 2099 1236 1842 2198 2471 2402
60 401 21 2819 3043 3081 1192
61 5769 9057 6028 967 265 3243
62 1284 982 1841 3963 512
63 167 1601 9099 9100
64 4184 5288 643 6455 1812 1499 8333 4866 615 9132 1340 8588 8400 3928 3149 3176 3978 5650 8461 4684 1494 8476 823 1652 5221 1904 6069 1905 6888 1138 541 1519 4444 82 2220 9133 1664 6262 7105 9134 5807 8968 8842 146 1908 8843 5919 3711 7739 8187 1577 3771 9135 3357 5820 8963 7966 3203 7096 3902 8915 3901 8239 8785 6078 2029 9136 9137 8440 1658 8893 9138 2892 6065 6067 3206 3790 2189 9139 3793 5925 6066 9117
65 8852 793 5433 3994 3211 5643
66 6077 8242 8864 5707 5881 4059 9203 9204
67 2653 2567 9214 1387 2091 2629
68 3968 3962 387 3630 208 939 6649 193 1213 876 6901 2269 6984 9220 5345 9221 2692 6734 8707 8909 4492 800 5204 4181 4432 632 9013 9222 9223 7017 2713 2544 986 7051 368 8961 9224 8620 8267 7260 4259 3082 1701 9216 5843 4928 7378 5842 7282 7385 6095 235 7456 8413 4126 9042 8150 1726 7137 5034 1239 8567 2707 9225 1970 2484 8086 5039 5967 1742
69 1130 4107 161 6361 2529 9257 3408 970 1304 1809 332 1507 5799 248 9258 1679
70 1065 2775 1920 635
71 1921 3634 3113 8462 9307 6688 6705 5165 6695 5203 629
72 6784 1223 735 1890 5312 7360 405 5747 9316 5304 9317 9318 9054 3806 9319 9320 8791 5380 9321 9294 9322 9323 9324 8699 8662 9325 9326 6278 9327 9328 9329 9330 9331 9332 6301 9333 9334 9335 9336 8858 9337 9338 9339
73 3250 8174 444 9356
74 1674 2472 989 3192
75 496 1079 1921 27
76 594 4192 3679 392 1713 1151 2257 193 336 2689 363 2083 3833 4577 372 3105 8712 5083 2720 2557 3041 5894 4371 963
77 1115 2731 6007 5010
78 9471 1447 627 248 3069 4013 823 8818 1002 9472 226 9473 9474 9475 9476 4391 8409 2101 8473 1003 80 633 820 3170 62 64 5433 9362 5371 5216 1046 1187 8441 5988 51 8472
79 397 379 6 13 3316 1340 620 31 1714 5401 5152
80 397 1339 1899 1901
81 972 848 4015 4851 945 4476 9487 5024 1020
82 1459 1456 847 3931 3613
83 5246 5247 5242 5252 5241 4395 8135 5269
84 5808 4542 2812 316 3352
85 4805 4722 9567 4388 777 5114 4739
86 6144 6189 3088 5155 9293
87 326 31 1698 2808 35 166 6029 4722 8534 352 3296 6711 970 2214
88 1045 3906 1709 5433 824 4477 1197 9600 3150 9601 2540 6512 3591 8161 2564 2044 3363 2731 2674 6455 3928 6577 3896 6157 8556 2566 62 64 4053 8139 9403 8709 9602 1210 8752 7025 1387 3898 6132 6133 1390 5821 3504 7784 8383 8833 9234 6255 9019
89 3021 5639 8225 4563 1337 1919 9623 3958 5582 9624 8132 8713 5192 9625 2402 4428 1186 9626 3573 5986 1236 1124 2434 1289 498 2426 8569 8377 133 3705 41 42 525
90 1895 4101 1304 8267 3082 3055 1147 9631 3092 1841 5044 5048 5039 1259
91 3613 1455 3095 3612 3096 6115 4691 2071 3217 1457 1454 2150 5182
92 9642 9643 1719 8390 5697 4669 9644 3330 9645 8907 833 2431 9161 9009 8289 9646 8396 3958 1821 178 3100 3948 1634 984 1207 3250 8597 3253 9647 1505 5234 8206 5612 1781 8958 3868 9648 73 1329 2274 915 983 9154 9649 3175 946 2767 5227 4166 6818 9151 9650 5197 5778 9651 1942 8961 3430 5775 8415 1191 7061 9652 1154 1790
93 1932 934 5212 721 723 4567 6219 4944 8146
94 2262 6022 3477 3749 9657
95 1503 8978 742 2487 2379 460 2727 4744 478 2511 2610 702 1362 5669 2393 8935 2389 8681
96 5277 8460 3347 2462
97 2402 1922 1823 324 1176 971 9008 37 2886 1304 160 4314 5364 1288 330 210 872 1151 809 685 2216 1513 389 214 206 1171 1388 1685 3265 283 4369 378 7031 421
98 5716 2827 3824 8903 4211 8816 3253 1695
99 328 330 1006 4488
100 1958 976 9359 8151 6044 777 1320 8934 6206
101 4038 2790 4503 6215 855
102 2665 1110 1870 559 1184 552 580 1649
103 3380 1291 1074 1304 6415 8353 3252 1429 2343 516 365 9003 870 4226 4182 6797 5200 6643 4235 9759 5721 653 9561 8698 9760 7516 7027 9556 7768 2486 842 2487
104 630 3630 2694 1056 9259 627 3099 215 4799 1812 3155 217 4708 538 1499 1340 274 1925 6261 221 2094 9409 645 9406 3151 2290 1957 1127 4424 3101 3188 2962 2242 2239 2241 8487 6116 9405 3376 8440 2243 3864 8633 8495 958 677 1831 388 2756 4861
105 2335 9773 968 3273 6294 2042 9096 9622
106 22 3484 629 8223 9073 4609 4524 9774 9775 9776 1437 8967 9777
107 6370 2329 5678 4672
108 630 1211 1830 1581 2892 668 8376
109 929 628 3296 7133 9852 9853 4080
110 4748 3847 590 3494 885 8111 6041 1774 9260 2074 3707 9178 750 3585 3359 9854 4324 761 9855
111 4103 1777 530 3408
112 4392 8380 5398 538 9867 998 5797
113 623 5819 9613 191
114 8268 6057 9201 5136 5138 6181 9147 55 8803 9291 74 3341 5137 5489 3693 506 2471 1283 5456 6060 5800 6038 9500 1451 8279 9421 633
115 2050 3290 2132 4037
116 3377 4556 3588 4131 446 4747 2538 4520 4524 806 5720 1323 9908
117 1061 911 5764 2238
118 1032 1340 5556 1029 3172 167 5403 1492 2748
119 6146 4566 647 1340
120 872 2088 3313 6845 33 6489
121 567 9114 4746 3363 4579 3359 2504 6280 9905 8528 8835 1710
122 3 7970 5007 7531
123 8885 9951 1942 9952 2026
124 200 169 340 161 2894 1400
125 26 9981 45 8515 3072 8494 2913 326 3356 4144 1232 271 9797 3269
126 591 167 245 130 2232 1100
127 9996 161 1032 179 1334 3988 950 333 200 5782 645 4002
128 2632 388 511 3427 9503 506 4068 339
129 8401 1123 162 601
130 1005 150 161 179 258 2114 627
131 8430 2816 2132 2902 1795
132 935 986 1544 2945 332 802 1674 4358 376 963 685 2321 4932 3046 1573 3974 1147 4363 16 2109 944 1135 2724 7594 10013 27 812 1973 3051 1731 1971 1898 6151 5491 2054 1916 6229 1673 2407 10014 4943 8568 460 1146 457 1711 9183 10009 4425 4157 1913 3224 4158 2062 2018 2652 4296 4044 227 2701 841 286 4375 3079
133 175 2973 158 623 521 151 179 946 2135 1814
134 1128 1188 2403 1039 1168
135 224 3474 1073 330 10091 2635 948 3621 227 1063 3592 175 2246 2214 388 1495 9751 9750 2457 995 193 639 2018 2916 354 1166 2915 2706 2651 1134 768 2257 2469 365 4735 8920
136 326 1290 502 9
137 3279 9874 9444 5784
138 1418 2104 1241 1847 2845 1135 8957 7555 957 2852 2629 2784 9679
139 3272 4176 10121 9422
140 1073 2125 3633 8213 890 2148 2921 2449 8116 5540 5827 4415
141 824 5253 2806 1289 1631 6029 768 4217
142 4751 2665 8867 3369 1414 2387 8488 4120 200 10145 1007
143 10148 6615 10149 295 4071 684 6332 1655 1246 304
144 1705 8205 448 1786 1239
145 2816 1035 3965 1835 1717 410 8769 1680 6269 3082 7315 1147 3676 2556 9489 283 4127 4982 9479 447 2062 3893
146 4116 1917 5772 3873
147 1787 881 890 4403 2148
148 3473 2118 1673 8849
149 2144 9449 4394 3639 3951 4216 2142 5251 6961 1617 7363 6845 193 5247 4184 2488 1295 2828 5195 3150 4194 3333 3952 5806 3191 3539 6869 8277 1088 648 859 2264 6515 79 6015
150 611 4681 948 8814
151 9578 1050 4763 1419
152 49 46 1178 4668 1103 1345 5275 5114
153 4334 8837 321 2405
154 2322 3247 10228 530 1408 2066 8629 1442
155 3630 5650 4190 768 3246 2687 8461 2135 2796 3253 4442 8619
156 4589 193 645 6071 5106 1831 8284 1654 986 368 8519 4072 298 2382 5116 2388 2028 5039 8274
157 1495 5801 1504 1606
158 5091 8270 925 8819 3277 4039 3276 1237 1870 785 853 852 1632 505 504 846 3097 394 5735 3156 1446 8160 1227 128 4104 5730 2245 1226 253 1869 8309 1445 5734 2987 3229 898 2098 4418 8326 3574 991 813 2855 1718 3570 132 1063 2431 1466 2854 1780
159 1468 3032 7389 2162 10264
160 5041 4345 4534 4346 5510
161 2514 1 3899 2758 1540 801 9637 2262 4320 2633 5055 844 1384 321 4174 1763
162 1647 4349 1047 642
163 4216 2269 886 7363 8278 10295
164 2861 1221 4468 4088 4454 1118 2134 1877 1176 4458 727 3859 200 6630 1667 1595 3240 1666 1529 5911 3953 735 1890 1816 2880 7935 2733 6066
165 6015 3281 9063 3253
166 8912 254 2250 9200 6021 823 8742 9145 1904 1911 10307 8927 5946 8592 8398 8394
167 1107 3283 3179 10310
168 970 785 1213 1695
169 4715 5241 9676 8443 3952 5245 5248 8339 8705 864 1617 8310 6382 6033 504
170 2310 1151 10324 1534
171 1892 3238 9210 7775
172 1556 5374 1193 3896
173 4393 5564 5567 5870 4138 4188 862 5826 9796 6127 6444 3147 4752 3148 4674 1197 3027 1092 3378 2569 6651 1210 9166 8908 9022 9658 3102 8385 5755 5167 4389 3562 1443 350 193 1213 198 3532 3832 1892
174 8128 2431 2120 2212 10124 636 1032 3320 10344 9315
175 4135 5105 8748 8663 8043 3422
176 10261 6542 1853 2099 3119 5780 920 5878
177 2708 8579 4396 10299 5675 10347 346 6648 848 1090 3429 6736 2532 2933 8246 6125
178 4032 1209 2044 2460
179 540 8759 610 5971 564 1723 3297 544 244 2087 8746 9157
180 1025 5663 8677 8244 4159
181 5291 9131 9281 2222 5916 8758 3833 10350
182 1101 8943 3346 232 238 3979 1020 4590
183 3704 5208 386 2965
184 9804 4515 2383 4119 5280 3903 3559 1610 2766 9077 8897
185 1866 4632 9565 1194
186 5232 2056 4315 2916 4543 5177 2505 8446 8144 2469 182 386 236 1509 1312 4152 637 5646 2667 5196 6572 200 4089 1131 2354 1873 1651 181 2707 1874 8487 5696 866 2525 1957 384 10284 1163 1378 6458 1828 2347 2860 6577 1187 8595 8768 188 205 4341 184 27 2644 4001 2348 191 3035 1134 6234 4068 348 261 641 1663 800 195 4316 6624 1931 6031 4225 5206 5861 877 8476 3233 186 369 2601 1516 8603 646 10328 4342 8145 5573 875 5369 431 6654 2403 8149 645 10408 5935 4194 8491 365 450 2942 4544 8466 1167 8260 8244 4064 199 4455 4226 638 5771 3036 1545 2476 5612 8860 1211 8198 2706 2747 8600 9020 2917 8601 5893 2468 4891 4062 2709 10409 2054 1136 1876 8760 8455 1213 2356 1429 3042 3859 1695 1955 9894 1544 8556 522 8313 6272 1212 2135 10410 3681 2134 3199 3713 10274 355 4232 6079 2452 1518 5165 3600 1528 1882 1165 2196 5173 1526 410 197 8828 3417 4492 4233 1707 4231 1169 1380 2622 356 4611 9167 1170 651 5549 9537 3714 116 1590 1522 2352 3912 4895 1800 4569 6772 363 4613 1774 9793 6791 4471 10266 9121 1525 727 4470 2603 279 10411 4235 3717 4472 2342 5209 648 726 2550 1527 6807 4459 4904 202 358 1173 9674 520 1327 1945 657 5374 6033 6798 6834 1582 4239 725 2616 728 203 3879 9806 1554 4236 1940 361 4545 1560 6852 946 3080 1174 6186 883 6841 6138 4432 2475 4238 6886 1946 3725 1381 1595 4196 362 4197 5645 2295 4198 1879 2716 1943 9782 4200 4494 6149 1530 3121 4053 1666 1941 1944 9532 354 2355 3084 1217 2863 2649 5908 2294 474 9340 1383 1654 4051 368 3331 4240 5853 4699 1156 9538 876 6209 1135 6930 3240 204 2046 9556 3255 3159 939 8710 1190 4434 3881 2929 8960 3697 10412 2711 1553 895 6941 4444 370 2623 3598 2542 3040 2633 9040 282 1157 5345 3041 1153 3833 6073 732 3085 6990 2579 4474 9275 3418 6218 5909 1192 7007 2085 3070 1947 7008 4402 375 9216 8707 373 4918 3491 8152 1546 1543 376 5910 8979 7023 206 7028 377 374 7351 5913 2357 1536 8909 6141 9508 240 659 10084 4551 2358 2712 9883 7027 660 4245 2359 2368 7053 7051 4201 3723 2296 5725 1683 2544 1218 7049 1555 3376 5835 2543 1835 5211 4547 5272 7060 2110 5318 5834 1811 7078 9884 662 4248 1411 7096 2713 5510 2304 763 8769 2129 4765 1387 6098 1386 2130 1421 3259 2945 4460 733 5911 9632 1239 3593 389 1154 4251 5610 1542 7125 1388 3953 6246 1680 526 3225 4253 1951 902 2714 735 1833 7122 581 1854 7130 382 668 4923 1816 2264 2216 10413 1576 7143 6303 3887 3438 4927 481 3213 2645 7160 4254 1836 2259 1890 5497 10414 1238 10415 5880 894 4704 666 7169 2305 2718 7183 4255 2234 7179 3120 239 5075 1193 8815 3130 1422 734 5726 3733 10416 5939 524 396 3045 2323 3049 8550 1552 1547 987 1220 5841 5727 3595 7227 6290 8267 1625 7225 3908 1599 2557 9341 3295 1548 3883 1537 10417 3421 1240 9287 3082 2971 1147 5724 1963 687 4938 1686 2377 5391 2876 7273 1640 7254 4257 2693 3998 5843 2624 4366 4258 2555 9778 5917 3730 4482 7304 7315 4264 4926 5226 7218 7320 10113 1681 1600 7285 4260 2385 6150 6192 4263 4261 7292 1679 673 469 4069 3729 7345 118 415 4054 5077 10418 1978 5029 5744 6046 8411 3265 4557 1195 7388 4632 677 414 461 8560 412 2312 6271 5848 3727 737 4982 5892 6201 1562 8635 1960 2363 7376 8166 681 1889 8877 7421 672 4156 1961 2559 4360 2477 8999 413 9790 5847 5149 4740 8314 2364 7444 2315 7448 7443 5393 3566 8637 6119 7495 7428 3736 1257 7489 5144 4435 9699 2638 963 1571 2121 419 3086 3262 4208 4416 5081 7537 4950 1017 2877 1326 1394 4463 2298 1040 4941 1564 4070 8209 7202 739 3263 7529 7517 5922 7542 5615 10419 7481 9887 4559 4978 2480 3052 5110 4171 2824 3261 3690 1561 4942 8846 7562 1573 3448 1662 4271 3738 2478 7566 3735 8567 4371 4558 120 2479 671 4126 5524 3050 9764 4111 2762 5109 9694 4204 453 7923 4954 10269 4961 7597 9888 670 8351 7594 4003 4952 4273 3972 2951 921 4540 4158 10078 1817 3746 1558 4762 287 4962 1965 4634 1966 426 5924 2724 3456 1581 7629 4703 4512 5740 7639 1010 5219 5855 4206 1439 7716 2565 1807 7672 7669 1583 2675 1606 1735 7698 8210 5925 5694 1391 5464 2313 8026 1888 1968 3770 8181 5357 3569 5031 294 2591 3264 852 7745 430 841 7751 4274 4975 7746 3445 2848 5743 4959 1578 1964 5375 9889 7640 7608 458 7617 8843 4971 3396 4729 4055 3301 2429 6050 4465 10420 1602 98 690 2392 4205 5066 10330 1586 2306 4974 3521 5712 4275 437 7768 5343 9628 1971 5528 5741 5465 5032 1321 9753 10421 7792 121 2373 1584 9914 2031 2637 8507 4374 1566 5558 6304 7802 8069 5033 1567 7798 3058 9225 4004 693 688 4277 7822 3747 7760 434 2332 3734 701 10422 7891 8199 3990 443 4694 2062 8559 8291 441 439 5850 5017 7873 9850 2966 2064 4278 1591 683 4988 3087 6229 447 7867 8966 5150 3892 4005 684 4280 2307 4209 9142 1374 4279 1688 456 7935 7874 2487 1731 1574 4987 3999 689 3776 5169 5498 1732 9547 6305 455 7929 4281 2276 452 1587 5929 2381 8930 5333 454 7901 5973 4667 8679 1575 8103 3550 2159 2253 3594 7944 296 7970 7964 2594 2379 9425 2059 3782 2725 8963 451 4377 3740 8001 459 5000 3092 2375 6285 1589 6048 3622 5035 1396 2851 468 5042 299 1593 8722 2380 4739 10423 8721 8034 2309 4706 2308 1891 4019 10424 9113 298 5279 3983 1898 8054 5849 8048 467 6289 910 8053 4073 9037 3893 2727 8044 679 8076 1149 476 10131 4693 477 2496 694 908 10397 1982 914 702 4741 8212 2610 2799 5006 1592 1656 1858 5469 2151 5007 5974 4744 696 308 4497 2936 472 2800 2384 8290 697 2484 842 5999 124 2027 2278 4159 1739 4486 9038 305 5043 2764 8117 5038 8116 8844 10425 10313 10293 3967 8211 2789 8845 700 2390 4076 2765 3423 4591 3781 1742 4697 2391 310 595 5541 8417 1398 1741 5039 1740 1744 5967 3756 1704 8488 5040 5041 9435 4075 5019 4290 9655 6001 1745 1762 2029 2652 6065 1148 1016 1248 3604 3743 317 1711 6215 2887 5377 1860 6013 6066 5016 6172 1609 1984 9562 3629 5851 9219 6136 2279 9677 10426 8801 5711 5044 10427 10216 8393 10428 3786 704 2733 3787 2439 2832 2898 8798 5047 8917 10429 1613 8725 1764 5949 2398 3056 2490 4298 8891 1399 9786 1249 2397 9530 1754 1612 1749 3146 8378 8857 10194 3745 5048 10321 4299 9678 4296 8228 2928 3424 5860 2889 1859 2156 9431 4411 916 9230 2497 4484 4295 10430 10217 5045 318 1568 7836 5349 1970 8869 108 3422 1603 6151 2486 2370 2386 1363 8077 2921 8273 10431 2438 478 8088 6327 1146 6000 479 7847 3934 3753 7835 106 3585 5282 10432 4534 9811 5350 2157 2494 4083 4302 5092 4759 9872 8464 5090 2890 1615 10433 2492 9345 10434 4485 10167 2158 1755 6067 5750 3144 4305 8463 1400 4304 8800 3372 10435 5022 3463 2160 10374 5020 2161 5480 2283 1611 1761 2891 2892 5439 6063 5050 3789 3464 5122 10436 1608 3790 9482 2493 2281 9211 9395 2280 4307 4178 9208 3808 2063 3206 2663 4311 10437 4313 4312 3755 9202 4575 5119 3792 2650 10438 3143 4310 3063 10439 3066 5351 5051 5070 3643 3064 9769 3137 5376 9501 4079 5095 126 9597 9000 821 4530 4167 5748 2894 1259 5025 2162 5303 2893 2670 10440 6043 10223 1861 6109 10441 5026 1366 5120 3467 8465 2036 10192 3303 8532 3308 750 8692 10442 6080 10443 2164 5099 5321 3057 3800 5662 10081 1769 8879 9641 3793 10444 8516 4082 10001 4123 8526 4326 8563 9169 2654 9842 1771 8447 10445 4755 1367 5378 5053 9067 10446 1261 4710 5903 10447 10448 2167 10449 1269 9535 10191 8527 10209 2659 9352 5588 4337 463 3471 2501 3802 5862 2038 9927 8368 2801 1262 2163 3795 10450 4085 4084 9771 5442 2284 5013 6112 747 9930 5353 8700 9069 4635 3689 9928 1691 1768 6111 5056 8701 3798 8811 3568 748 9954 10318 10451 4086 3688 2286 8871 2169 5284 5059 5057 8949 9478 4594 8880 2968 1370 10452 10453 2166 10224 9270 9265 6220 8469 8517 8870 10454 9743 8918 757 5061 9485 9665
187 2731 6621 8179 9410 3028 3478 3935 10177
188 654 4954 5925 6065
189 10093 4700 10475 5387 9029
190 6 9890 708 2794 1189 5267 1038 923 37 3306
191 4423 2977 2838 2761
192 1648 725 735 1551 1195 1913 3155 406 3690 8127 380 7698 5741 287 2585 266 3161 3915 2436 439 2378 1423 1585
193 1651 5854 3464 10173 3458 9113 2633 239 2637 5027 10137 5847
194 560 570 2182 576 1573 2571 1634 9679
195 8724 3677 5564 54
196 8185 2289 9824 2513 2691 3900
197 624 509 520 1890 7751 7639 3087 4281 696 3967 2967 124
198 10494 8658 434 2783 295 3624 1915 2785 1742 2800
199 8534 2790 5334 5530 9734 7578
200 654 1650 69 2053 2772 178 836 816 1201 5504 2336
201 258 9881 5689 8692 2444
202 1866 8813 1670 6247 530 7784
203 200 1179 161 1205 2525 807 2927 2095 1199 5285 9150 1180 4748 4039 1062 606 1182 1181 3178 2976
204 5133 3846 1676 4867 8680 5792 4978 3408 566 4659
205 4868 5460 668 8736
206 633 936 2045 5193
207 501 9056 864 10315
208 2132 4116 2473 1933
209 3940 3275 8340 505 8341 6405 896 6622 8342 4717 3937 1187 4714 4721 5664 553 831 140 6639 6644 9505 5257 10519 9506 1780 6655 5293 9449 6675 3938 5875 3365 2758 801 9902 6640 1785 6707 3388 1406 8346 974 977 1434 799 2955 2920 2505 6583 6695 2771 5338 8350 6576 6751 1878 2625 83 5549 8344 5409 8343 6824 6535 6502 6543 10528 6563 8347 4604 6814 4581 5203 6801 6811 5166 4597 6812 6880 8280 10200 6902 3360 6897 10529 6921 9903 4494 1428 4688 4677 6896 9313 9856 882 1431 2105 6962 6953 889 3131 9936 6986 9766 7024 7004 7032 2502 6210 7038 7040 100 662 4656 7095 9198 7110 6098 9686 2696 10530 5880 10531 10520 7158 7189 10163 5876 7259 1409 7208 6250 5312 5629 7233 7269 10532 9608 7250 5751 6249 3520 7289 3773 7311 7295 7337 2719 7360 7342 7422 7375 7373 9904 7424 7418 7423 7437 10533 1979 7470 2934 2415 3313 2090 7525 10095 3518 9907 7550 5067 3393 7603 7304 9906 7602 6328 8708 6439 10534
210 2855 4426 1799 1801
211 4655 352 1814 952 9038
212 1874 1213 3965 939
213 5171 5133 6124 67 8436 475 2555 8649 10536 9248 10505 9525
214 943 4017 1596 1814
215 3516 951 10268 3564
216 386 3962 6138 4198 2716 2406
217 8148 9055 4764 5472
218 6093 1873 169 321
219 5573 1545 5831 5233 9858
220 1358 810 5252 3756
221 8233 6168 963 9241
222 2739 1030 3627 1082 926 1669 3328 8856 8175 1975 6060 1044 4588 9612 8853 1029 4439 2318 8913 1534 1464 9498 4537 2118 4623 1492 4620 1036 2744 5406 9420 6036 4612 3167 4016 1829 5172 9249 1596 2691 281 1852 1531 1375 3628 8611 8615 6140 2302 5969 1437 3440 949 3006 3473 9876 828 419 4094 1020 839 5620 4509 4631 1411 9877 3849 3851 2213 3446 5927 10101 1916 8676 8914 5464 2510 5891 4648 4074
223 5782 2927 2970 8397 5564 9120 1049 9874 268 2135 2458
224 165 4225 2348 1167 193 1213 203 5549 3965 5165 728
225 4449 795 270 8749 3073 440 9290 2953 3992 2630 9788 365 3580 4361 1897 10340 1463 261 1694 5766 4536 275 161 3199 3630 1495 3986 708 5073 1150 1420 403 3317 4316 1492 5190 1475 1730 1181 5 1505 508 1145 1596 3397 3116 2738 1535 9119 3075 12 4500 1151 827 805 1069 1499 4895 492 66 5803 2989 9256 473 9236 3104 5148 965 4006 1648 1153 1522 1004 4698 1135 3115 148 1357 3153 2336 9564 10599 488 1348 269 3825 1322 3118 6096 4817 2372 2374 1036 1555 5477 3863 200 5326 668 5687 3078 341 8125 1037 372 9751 185 4483 1775 1032 2840 4640 2333 1496 3165 8984 4172 9030 2693 2587 544 3082 9540 1526 4699 4700 3678 1560 9869 5947 3345 4554 2631 9253 8612 3727 378 3719 3833 1192 6117 5146 4727 515 5618 222 9750 2884 1321 4370 4071 4206 3720 434 8202 684 9718 3573 5492 1190 3457 4072 5754 2059 2842 288 8936 1747 464 471 3983 829 1673 1843 304 4738 2799 1146 5578 390 409 4127 2347 4743 1592 1657 1838 2016 3850 441 3712 3587 4971 3085 1854 33 2405 1742 433 1388 1584 1762 2952 1148 9741 9983 871 10600 8537 460 400 9496 4411 1751 1750 9039 3684 2839 586 3338 5089 9038 286 585 5476 4952 1743 9536
226 10602 8186 3370 2740 5273 10333 645
227 1406 3429 1143 4676 2535 5627 7004
228 6292 1698 1227 996
229 5259 6741 6812 6561 5427 6961
230 393 8577 8941 8505
231 899 193 9475 10625
232 3639 9192 10626 9457 9371 9566 10627 10407
233 8165 4682 3889 4466
234 1032 10636 652 1213 1234
235 9909 4193 9434 2936
236 8143 1820 8147 4151 54
237 4443 2320 1637 5274 5803 1505 2120 2243 1036 1030 645 1230 5767 2747 5173 6006 3681 1544 4764 4115 5064 2744 8574 2452 365 1521 9061 1528 1379 2691 3431 5884 2311 4615 4925
238 196 10640 757 6647
239 9159 246 4570 2976 6179 6060 3098 584 3966 8152 279 8743 566
240 2535 975 4499 925 5774 1213
241 9894 1359 4123 4919 1020 3871
242 3712 1420 171 2912 53 2588 4896 389
243 353 6170 2109 3105 344 3862 8361 4046
244 654 1883 3173 3202
245 9 3957 6582 5585 2970 8214 899 3254 2774 3209 3208 633 3322 178 6191 499 2821 967 5331 6711 3961 5232 3416 3114 2809 9254 3353 10168 8283 9386 870 8445 3413 1307 6138 768 9257 3709 6186 3415 896 357 512 1654 5549 653 3958 10661 5201 5205 5170 2476 5680 42 1192 214 5102 6217 5272 6211 7059 137 8960 6683 6636 1156 1315 2426 1349 8708 2721 8267 3082 1147 6189 5209 7185 3044 4127 9479 47 3264 5033 9918 1695 2591 2986 1961 6270 4540 4926 10662 4962 3731 7710 6193 2402 8993 8962 9216 297 3642 9052 6445 3658 7985 3622 6698 1731 8039 7130 3893 10663 8720 7613 2484 8789 914 7694 7488 7515 695 3564 7662 7832 2662 4159 3423 2496 5045 7944 1285 2056 2497 3424 2397 9562 7258 2492 1400 1253 1750 4302 5283 2494 6978 2063 4167 1759 6089 9207 4575 5303 1479 5441 9893 9875 1365 9293 10442 2038 8467 8563 10298 1765 2501 3646 747 9069 3652 5056 10225 10664 10665 6333 9411 8304 9320 751 9269 10666 8791 8448 5379
246 1144 281 9366 5619 3979 5889 4660 1020 10668
247 1212 1057 1830 2196 1695 6818
248 4643 6179 5513 2300 2731
249 2458 6126 5575 8193
250 868 5557 6781 855
251 1728 364 4150 382 9621
252 9510 8136 8598 9860
253 9249 4446 378 27
254 1213 2321 4572 372 348
255 5311 4393 3495 6127 4416 3498 7728 7784
256 5784 10490 10075 3904 10022 9245 5527 10714 10715 5542 3424 4057
257 196 6031 826 19 6003 135 78 134 9 12 3117 2910 141 3118 462 2208 709 203 139 37 75 710 159 494 4012 5738 845 4915 182 1835 260 2814 1836 4062 5774 399 8567 1213 3129 4239 1565 1171 3082 1477 670 1147 1004 8999 2679 2711 2317 490 3044 685 3159 3960 766 3253 202 4111 3342 5867 5650 129 8771 3343 1040 2191
258 925 2767 2255 8974 9275 3419 520 3048 382 3370 7646 8271 734 666 267 2693 1674 3347 8522 4517 1665 1977 9764 4157 7569
259 5573 5232 5832 9858 5239 5840 9862
260 3324 2691 2779 2749
261 2807 10522 10538 9541
262 2244 1837 9545 2224 782
263 2706 8982 10750 102 1481 8888 8477 8887 8479 111 8889 2381 2382 5000 5349 85
264 4044 2926 9688 2758 801
265 9385 4336 497 3840
266 186 165 3965 1173 642 1162 202 1213 1464 5905
267 2262 797 9154 1382 2311 5508 2010 787 5400 1695 363 484 6137 485 1707 1384 389 2844 5722 8162 938 1238 10775 8802 9772 8624 3727 675 3441 1598
268 8129 9159 9158 9156 10372 28
269 2319 3039 8981 7369 10356 5395 4128 9044
270 1830 4492 3717 9834
271 10777 26 4046 193 10778 2593 557 5824 4648 146 1751 2946 3205 2853 5087 1424 378
272 1173 4796 6919 352 2553 7537 4496
273 2939 2435 9759 1940 193 1557 2248 901 9987 6880 1171 3961 6186 915 214 1947 4194 6188 7027 3044 363 2403 8267 9882 1679 925 16 5017 524 1806 9479 7594 1858 921 9275 1070 4358 6275 1213 387
274 1876 504 184 1477 1452 633 1227 2355 3097 1417 6254 204 887 1901 8750 1116 198 2941 520 1875 846 1866 162 852 1549 3887 3295 4547 2709 845 806 191 1160 1237 1965 1971 1595 720 10792 2377 1817 5066 3263
275 146 513 1187 1466 149 3572
276 5906 533 1834 3437 1002 250 1410 5674
277 6709 2708 1882 4455 1995 6608 6760 6623 1524 1939 5348 203 6935 7045 81 2294 6200 6914 6642 7155 1946 8761 5688 1953 1576 659 1997 4921 76 6566 7255 7407 1549 3257 4255 5691 7368 7484 5841 10813 10095 10094 4926 2005 10141 3694 3295 4139 7552 3732 1040 9314 4942 670 4547 3736 7868 6780 7619 7686 5144 7227 3772 7973 4962 1606 120 3332 7897 4281 683 8064 7873 7970 6289 3780 7039 5813 121 910 4741 5349 9431 124 9581 2887 10194
278 9752 5832 5239 5833 5836 3215 5240 5614
279 6766 1814 6887 5432 6210 7132 3520 7248
280 1814 3089 4504 950 9099
281 780 16 1601 3146 6055 2633
282 1116 1695 645 2488 1957 9815 310 9177 5300 5540 2733 10596 5764 5824 9548 4124 5859 10039 10040
283 5209 885 8395 6294 9942 1986 1620 8258 6297 357 1830 2216 4704 3539 2251 6279 806 10826 7532 896 10827 5254 3936 1619 7815 9507 2423 2424 7743 6609 10253 7038 1618 7032 9448 6887
284 203 3078 2294 518 1162
285 1814 949 932 9020
286 1695 1174 465 1713 258
287 6842 5237 9492 9865
288 8823 3007 10790 924 2012 2629 10839 9721
289 10016 2529 27 746 8620 1213
290 5549 2295 1599 8088
291 946 1684 1505 1100 5219 5464 8665 4986 10631 10668 6267 678 5930 10550 639 3629 8976 3464 9143 4530 3844 4594 9974 8977
292 535 3197 1436 3702 3862 3860 529 3615 584 5882 1623
293 8609 5621 9765 20
294 5194 9424 7202 250 3262 5676 1314 5855 1148 1746 1859 5045 8917 1253 8525 2892 5438 2493 3064 6306 1365 2670 9269 5305 9320 8791 2287
295 5132 9758 6263 2230 2326 10862 2341 2117
296 9891 1964 4146 1213 3426 8345 567 16 125 8754 9354 5485 1147 54 8565
297 10869 952 3183 9284
298 5616 743 10871 9898 945 1043
299 4265 1854 1571 7645
300 8509 8263 3290 8332 939 3682 3228 143 135 26 3119 1033
301 5619 779 8943 1174 8180 963 5082 9112
302 1214 6817 6973 3575
303 3255 2753 10424 4726 8468 9149
304 5167 10673 2717 1836 5669 1264 6122 1693
305 10561 5751 9608 9462
306 1774 6769 3716 8163
307 3827 5679 1641 2814 4203 1743 1731 1696
308 8548 8895 10798 8659
309 209 8511 506 10658 4789
310 859 9143 2889 8568 4111 3137 8547 1400 2962 1073
311 9672 650 3689 5355
312 1183 899 2937 489
313 3003 5550 8557 3008 2488 885 10024 3564
314 4614 2111 2140 3629 383 10900 3137
315 899 1941 859 4226 1034 9275 876 1897 1950 9040 474 939 7068 130 4431 2716 214 9216 3354 54 3575 685 2669 4547 3244 2712 175 4927 4221 2216 192 1218 666 1186 158 160 3040 1174 3640 4199 170 2811 524 2482 196 1115 203 4261 527 1147 1679 7282 1171 183 3497 6097 2721 2488 410 7622
316 2355 7101 518 9312
317 8377 9017 8172 2541 6352 9199 5993 8873 8348 9144 227 3993 9681
318 5779 10265 9423 8902 8582 5810 360 6145 9413 5776 1929 8416
319 1135 4024 10921 9212
320 2022 5611 1913 526 4573 773 3045 8439 574 940 7495 4419 3212
321 2183 5385 2325 5220 3145 5094 2968 1563
322 880 5520 2269 885
323 1947 2062 10216 2277 6643 9084 5857 10065 6646
324 4626 4252 10898 10311 8827
325 8362 3062 10482 821 3686 8367 9483 8811 10583 5384 10489 10045 4943 5866 10061
326 2473 1828 353 8152
327 6529 2748 1436 247 946 4431 3989 4606 8266 5362 9165 1334 5997 496 778 2109 668 3438 742 676 2752 2058 1234 8992 10169 972 2921 4358 2922 8420 824 4364 5897 5580
328 8608 2252 4318 4419 1135 415 1147 1405 5067 2837 2329 16 376 533 8483 2479 4458 2947 3550 6151 2381 2350 457 1010 2380 2378 1247 463 3092 1655 3752 468 9037 1898 4073 1733 2798 1149 692 1592 2799 1398 4075 1746 5088 4299 3585 4159 1659 312 746 1756 9293 2283 2891 4308 10025 2063 4168 10080 6334 2205 755 5055 9078 1768 9519 1022 5379 1767 2179 9088 10932 1373
329 1295 1213 685 1318
330 6259 1947 5547 1436 1951 5841
331 2258 2576 8209 5214 4690 1269 10870 10222 2661 3333 3024
332 4012 604 710 1113
333 2713 4277 3133 1970 1010 8722 1983 3893 9111
334 1232 949 5509 3977
335 3432 5289 1126 8770
336 2738 3323 793 9165 4817 9446 62 8409 6295 1031 3829 4183 4087 4090 4748 2984 5753 2020 10687 3221 5277 3571
337 2296 939 659 7008 206 4246 4238
338 952 378 156 2636 2724
339 368 939 278 8929
340 6783 10984 9836 9526
341 3977 8189 2658 4042
342 899 6211 3420 8085 10363
343 6680 10288 1219 1884
344 6962 4494 1987 844
345 838 1534 1538 5718 4517 1722 8311 8985 668 3052 8642 8254 3443 3623 3599 1100 8983 10668 8558 9628 10601 5930 3449 6283 4119 2761 1656 9420 4590 698 8805 4680
346 2145 3832 890 5518 7428 3543 3540 7389 10736 3509
347 1213 1083 352 862
348 1490 2294 4923 3225 469
349 8714 6235 2963 4040
350 1677 1910 823 1904 8405 541 2506 1282 3171 581 1045 1653 5632 3174 9232 2254
351 1135 949 1938 8985 2693 1084 4678 5405 958 631 5671 9499 5923 5948 4532 2234 5461 4052 2753 9045 5928 9754 5467 8608 3271 5896 3979 364 930 4419 5628 5373 4027
352 3720 3486 2711 389 1559 4343 4067 4957 4960 2877 1616 237 9213
353 8623 3326 10189 6168 8234 8638 742 2058 3134 4514 5116 8134 10606 8744 9593 8389 6283 10327 4286 8578 4092 8245 10820 8613 3874 5068 3367 10334 4757 4122 5471 5468
354 3409 4416 3494 1218 9243 2238 1022 5440 8922 11009 4332 4165 3041 8824 8685 10909 5824 6321 8766 10195 10378 10160 10028 2075
355 9632 962 7385 3129 3808 8527
356 2669 318 2892 5039
357 669 1991 5011 4053
358 367 2505 25 2920
359 9243 8990 2799 302 307 8836 10804
360 4252 2693 1733 4079 9100
361 1213 1854 2529 7593 2717
362 4422 4480 1359 8656 9241
363 1894 4927 184 5364
364 5142 8690 1606 1783 121 1797 4942 5150
365 377 5066 8028 2064 8844 10346 6065 6066
366 8704 570 537 602 580 2106 545 3094 9098
367 8757 9440 201 2195 9441 3375 11048
368 3593 2215 1835 4562 442 1218 2518 1531 364 275 5914 2118 1240 1389 2362 2293 604 189 1340 1596 1832 2088 1533 1888 684 217 4666 571 8327 1898 1547 8316 3291 5280 668 4193 927 4461 350 3550 1762 1711 1248 8890 577 3604 9148 4157 8524 5046 5918 5121 8157 2833 9543 627 2217 1757 8312 1758 460 3856 2652 5053 1767 984 4189 5058 1766 4085
369 8315 8222 8808 4167 8371 9900 5770 9923 9173 8498 10044 263 10806 9618 8250 10057 8334 2899 3300 11050 10843 4734 2541
370 233 6139 8727 8626 4037
371 986 10506 4626 4620 4625 2569 3565 2552 7643 4985 4549 4550 5530 2882 3603 2090 8255 911 6305 1796 3169 5824 338 3447 9399 5089
372 5399 5920 4590 4050
373 1539 5631 3370 4532
374 866 509 198 707 2431
375 1851 4922 8183 942 976 1847 10184 9720 2876 8841 3386 1105 9417 5466 9595 9933 11053
376 1152 375 538 388
377 8621 9186 668 2051 5145 2681 8124 10221 3475
378 9488 4541 480 1365 3791 9069 8897
379 1035 8878 8607 9171
380 9180 6064 505 5295
381 335 1738 10795 3799 9277
382 1186 852 1820 5663 9109 8301 2529 5716 502
383 890 6250 891 7239
384 9823 2297 5613 3295 5840 1240 9864 1606 9863 8366 10716 121 11054 5973 8670 9162 9511 10201 124 2610 4959 4075 5435 1016
385 2635 474 159 771 3969 75 5808 1077 5558 2370 3739 5473 3741 4963 198 3424
386 1167 1870 659 785
387 1422 4938 2890 646 438
388 2718 1213 7315 376
389 4479 8169 3398 9090
390 475 1731 4295 8464
391 9198 7259 7289 7192 7226 9686 9447 7188 10607 6506 7324 5814 7494
392 6845 2144 5247 1818 5248 1617 1822 5878
393 3691 5071 776 3025
394 10556 4202 3947 2897 10856 4585 338 8851 3838 3748 1764 10915
395 3579 2431 324 3348 1424 8141 286 9530 2282 9580
396 1963 3673 11091 3680 1677 3451 9730 8633 1760 2944 8496 2776 1767
397 4597 10164 10262 5880 2355 10230 4715 4096 4317 3936
398 4235 5835 3419 2634
399 3082 321 5498 8653
400 6182 3519 8581 6676
401 9011 10739 9033 8351 7217 10717 9032 7803 7822 2370 121 5779 8963 9034
402 5499 4755 9123 5126 9301
403 8872 4430 8403 8523
404 6236 1361 8353 1064 2483 253 723 1567 2152 7864 4473 4210 2062 4003 2676 1870
405 9 6 4242 2879 373 5843 4239 5487 466 8627 642 899 2289 971 1213 354 5491 4553 4009 5103 8810 3309 13 9014 8131 8726 992 4685 5817 1129 5101 9422 3280 1929 8398 397 9844 5104 1977 3274 8399 8256 5945 8904 9975 4034 1707 1117 9245 4010 161 5656 6011 11010 772 5985 892 1171 33 6293 9206 2086 9814 8899 353 5238 770 1179 8762 332 1035 4007 1098 4006 8901 9583 9015 5547 3408 3884 6292 6008 10845 8296 2540 2054 8585 2660 9125 10314 9415 9028 6244 6010 6062 8902 9972 5102 6235 10292 2940 10477 2997 8215 8374 6232 2995 10734 4011 2529 482 10679 2019 5773 2371 4642 11052 94 8900 8396 8928 10236 9955 922 5327 10254 9218 8584 6338 9361 8197 10257 532 3190 352 9072 690 26 27 2083 8586 4151 773 2914 2851 8966 10021 10757 10523 326 7597 4431 3339 2533 2344 4761 4339 321 4361 5967 1573 6174 228 16 1054 3779 2367
406 9235 1050 1020 3506
407 2556 8929 3050 5098 8568 3696 10377 10423
408 8907 8906 2598 1523 2618 9152 3683 8813 2233 8457 8331 2024
409 987 353 4637 1831 345 1835 1192 3949 687 1174 385 13 1654 384 1411 767 3375 1035 1701 2957 4650 2821 3082 3376 524 2679 2149 422 10542 1147 1070 1854 3077 2544 9 677 8641 6 3307 1573 3044 1288 4053 3050 4961 940 2089 1321 684 2724 9025 4943 3158 2378 2947 2060 4095 3893 5670
410 3887 3130 1679 640
411 5179 1974 8910 2486 1755 4080 6043
412 2537 2062 8994 9321
413 9031 8861 8351 9034
414 2914 9041 10197 2510 10305 8795 8189 9687
415 6512 9407 8231 11138
416 1665 5819 7890 2181
417 470 2727 8244 478 2379 8245 3591 1364 8096 9053 11151 4084 5056 9070 10165 9068 5308 6308
418 8602 3743 10101 3155
419 6290 6291 149 1234
420 10146 3208 3254 3340 1206
421 1679 5081 3891 1736 468
422 11040 193 2488 9999
423 3427 8504 2464 10325
424 962 8926 3222 2055 2341 1748 8812 4531
425 6037 8350 7021 6945 6823 5978 6154 5528 5527 5356 8003
426 10455 7347 1960 7521
427 1017 2676 453 1577
428 5807 4055 1891 4123
429 9767 1147 3267 460 7440 5050
430 4699 1391 3481 1592 3752 3967 1691 1711 5125 10922 2126 8733
431 5847 1149 176 685 3841
432 9673 9510 5668 9866 4195 5837
433 170 158 203 54
434 3484 2023 1247 10128
435 963 10176 9486 11191
436 3732 11188 10094 9675 10202 8506 1559 1598 3266 1966
437 1571 8567 671 1685 2710 5193 5922 1565 1187 116 1911 458 4271 453 2723 4160 2078 1147
438 2634 4941 3161 2759 2267 8272 285 8637 4952 667 1602 3050 2556 8847 8567 1856 1601 3445 1010 4274 9168 2724 5743 437 841 5998 1326 447 5333 10373 2328 454 1731 6228 3092 1146 1983 2799 299 2390 5039 1398 1248 842 1739 5044
439 281 11192 2234 2230 1628
440 4749 3974 3498 8126 581 484 1382 797 460 2017
441 3599 10101 10352 10486
442 5615 1075 1556 4644 9888
443 2736 7363 7471 5977
444 9091 10585 9107 3978
445 4761 11027 8848 2764
446 2256 1968 1764 2391 2832 5871 1767 5051 9580
447 1479 11139 1074 9195 11206 7648 8994
448 6829 3885 10170 10220
449 11073 10889 9026 10973
450 963 4153 10933 483 5637 5043 2028 8116 8896 9659 445 8420 1746 9051 2030 4161 1399 5437 3985 5301 5827 4485 1761 3064 1753 8526 1767 9483 9660 11218 8880
451 4678 2137 2139 5563
452 120 5925 2370 5150 2868
453 7577 9194 7878 8182 8969 5358 10300 6542 2457
454 3421 1935 9414 9481 1830 1147 4481 4341 3734 2764 6643 1259 8839 1185 1016 10756 2395 463 303 697 9208 3181 8011 1169 2442 5070 5480 10222 490 9971 8549 1388 1273 1371 143 4241
455 3509 2530 3505 8531
456 9293 6292 992 10914
457 3442 3050 321 8222 9039
458 8735 2536 745 2198 3182 4816 4663 4156
459 6253 7205 3390 6298 6963 9115 5254 3936
460 7118 3519 9432 8154 7614
461 2723 16 7516 1601 842 4296 2063 6026 4308 2036 10637
462 9569 10004 10203 8320 5024 8988 942
463 9025 2474 8684 10591
464 8207 8289 8203 4048 5607 6169 8288 3180
465 3370 6016 958 6 2255
466 1423 617 3074 9127 9713 244 337 765 2056 9621 4672 546 3615 8360 596 9967 582 9012 507 1356 10672 855 4100 8590 3287 5882 8693 583 11174 5530 415 6213 9785 1713 8129 9563 1263 2380 2641 4689 464 702 1656 3903 3619 1737 471 385 3984 10550 2427 306 4328 4164 11247 5873 595 1573 2871 4153 1747 329 3630 4356 6001 1762 5644 2792 8932 9039 2115 5437 1764 1751 5089 9689 312 5121 10107 1706 3064 5051 3855 1089 5747 3466 5376 5378 5900 5902
467 8946 2004 3830 9519 8120 11248 750
468 5809 9296 562 9419
469 3051 9097 10283 11129 6243 1035
470 6040 4225 1858 1288 4295 1072
471 4156 496 1831 1601 2747 4650
472 3497 1981 1346 2367 2491 5048
473 8482 9278 5378 4123 9269 9320 8947 318 10129 10056 8648
474 1817 223 6107 5606
475 1147 5440 3841 1898
476 6175 9835 8564 9153 10034 10030 8779
477 8245 4653 5636 231 2272 2666 533 1898
478 963 3974 5459 5177
479 3589 1601 1566 852 1807 3734 1547 439 681 2197
480 8363 1238 2130 10045
481 3844 3848 12 8629 460 2300 1003 1489
482 9450 7739 10690 11058 2204
483 1884 1880 4729 7870 6015 8123 9177
484 3640 4366 1326 4923
485 5926 3523 7748 8378
486 645 5500 5080 438 6257 1519 5370 217 9609 4311 4060 3303 4123 2163 1265 2165 2286 1370 9141 2166 9706 959 9959 2172 9826 3304 2175
487 4527 10517 10487 9102 4522
488 8193 3534 10745 10395 7401
489 7608 11034 3781 6700 5354 10222 3841
490 1411 2337 8848 3980 1971 5050 4555 1147
491 9417 10702 8591 1192
492 3052 5894 4156 804
493 10251 8188 10692 5854
494 1147 1973 3059 10289
495 9800 9611 641 11062
496 9467 8168 7695 3555 5115 3850 9849 2205 11041 1198 9491 4697 10387
497 10251 10681 10479 9910 6844 7925 7737 3545 2419 7508
498 1606 671 7929 2059 1731
499 213 2493 3471 5595 6083 1276 2287 755 2077 349 8334
500 4585 9916 9915 7489 8531 10593 8249
501 4568 3625 29 309 5795 2068 1962 5994 2538 9560 9787 5783 9807
502 1622 10348 9599 1301 2810 969 9934 1921 5463 1867 1203 10795 3391 121 10213
503 1801 3465 3081 5676 2670 1436
504 925 2824 2997 8892 9347 2280 9054
505 2723 4363 5010 5540 8017 10760 10983 5550 4561 10235 9544 5275 6300 9680 11333 10604 7290
506 1637 743 2239 280 2779 161 599 1142 563 25
507 8728 5579 4745 8678 10811 8767 11218 8372 8526 10524 10038 8794 9323 8140 9079 10806 10807 9050 9336
508 1973 8605 9247 10586
509 9633 3134 4092 386 5555
510 3327 4737 11021 951
511 9878 11219 683 5175
512 2370 2376 4073 4741 2610 2382 2727 694
513 7817 7914 11342 2035 10929 3395 3558 5823 5822 7955 3029 9990 8672 5651 8691 8821 5794 4117 9078 8793
514 2312 27 2063 1121
515 3090 2200 8520 2351
516 9292 2062 4255 1731
517 3266 2370 4111 188 2747 2912 1541 658 1498 852 5737 3752 8232 3583 5367
518 5784 8406 3359 5550
519 1491 27 2697 3454
520 8481 8480 5939 3044
521 439 443 3423 4246
522 9529 9969 9528 9128
523 9509 5846 5832 9461
524 919 5522 3497 8645 5542 10535 8102 10986 5540 3394 9436 9855 9712 5440 5304 8898 9394 9376 8358 8824 11360 9551 6301 6300 11361 10195 11362 11340 11355 6086
525 9968 9181 2081 2832 6085 2077 5324 10802
526 4690 5524 2802 8882 2801 4287 1767 5479 2592 1269 417 5442 197 9984 1659 3057 2670 5440 1260 4644 613 2803 1270 9932 1261 750 4479 9354 8791 3012 10233
527 7542 1966 7593 1234 2468 327 1586 2723
528 5752 9074 10436 8741 8627
529 3964 10110 3315 5704 646 10077 359 918
530 3396 9566 5942 10188
531 8195 3053 5854 5853 1986 4169 10666
532 3840 10877 2172 3454 10000
533 6053 1563 8977 9822
534 9552 9481 2486 5967
535 5263 1579 8039 9690 8973
536 10342 2783 3625 298 2331 4074 4029 3852
537 6142 1400 2805 10245
538 3776 7985 8071 2038 2165 747 9269 9320 2166 8947
539 1632 4292 3930 495
540 8282 3267 8972 7832 6268 5117 3264 6536 3327 8939 3286 7990 4303 8885 1365 7994 6109 8966 10208 4058 5979 5874 10615 8916
541 7706 8182 3564 9573
542 3087 439 7837 4155 2894 4531 3373
543 410 6868 1035 1172 460 662 1754 5039 3372 4077 696 2283 2924 4263 2404 3145 5972 1143 10960 9252
544 6206 8995 2765 2997
545 2381 8677 8965 2735 3840 8371
546 2261 9184 4375 5793 2930 1425 2652 4556 8632 3603 1767 4081 8859 311 11036 9519
547 1338 8716 4159 447 4169 8538 457 10296
548 3554 5521 7954 3523 7634 6904 7138 10395 904 907 905 5534 906 9344 475 367
549 121 1708 697 9599 640 3800
550 4652 8003 5546 8201 3394 5540 8378 2035
551 6206 5115 2786 3452 2789 5546 5300 9690 1251 313 2035 3806
552 10927 3220 10702 9250
553 10254 8940 6061 5072 5789
554 8673 3739 2328 995 1583 2410 1770 9355
555 1581 647 5559 634 7983 1614 314 3934 1251 4310 9076 3145 8137 1769 10232 1267 10823 5306 1278 8286
556 2382 2610 2727 5279 8790 4741 3781 2626 8354 4178 2190 2166 8355 4124 752 8793 1611 2165
557 5980 4541 8489 5984 2509 5300 5540 2193 305
558 8293 9787 814 3152
559 7708 8707 460 5470
560 645 10583 5410 9228
561 11409 5366 9261 2176 9812
562 6289 8212 2386 124 4075 2388 2126 2887
563 463 2441 11411 1512
564 2309 10514 5127 5384
565 1102 4177 3106 11414
566 1020 6215 460 2851 2663
567 2834 6190 1335 11229
568 11417 9049 9611 10537
569 10880 10657 11396 5028 5108 3294 10764 4812
570 11093 4191 4630 9047
571 8508 1622 3470 4592 10805
572 3020 2512 8949 3784
573 1679 753 5039 4187
574 9095 5048 10491 3874
575 9847 5542 11294 5536 8747 3808 4322
576 6271 12 4235 3573 162 986 365 354 283 2808 1681 1833 1174 1004 1641 9 899 3052 4157 240 9479 4151 1146 3620 10009 376 461 4199 2378 3054 2693 1731 4702 1673 447 9481 2846 2822 4952 2634 5033 2109 1662 3035 1073 220 2059 1378 2062 1733 439 372 2921 457 1656 8568 460 1717 434 352 1744 1898 286 8267 343 1035 1010 1134 1762 4711 8566 2799 2829 508 2488 1715 1742 4315 842 303 3866 4982 3622 7315 506 9439 872 4163 464 5039 967 810 1836 451 1135 10374 1573 3055 1601 3423 1680 459 913 1764 10136 4484 2490 4002 3050 389 3270 8917 2494 3550 9918 321 364 2486 2298 6180 3339 293 1761 1729 1053 3400 5290 371 5022 7051 366 318 4296 3136 2892 5938 8192 8512 2811 2652 1086 1654 2438 2033 2938 3064 5847 4201 2818 1187 2650 1767 326 543 4709 1259 5053 2757 1685 1876 1769 4159 4167 3057 1861 821 424 4081 5747 1368 2063 5054 2501 5378 2706
577 9181 8102 2729 4582 4496 5820 8066 8236 8562 8426 8424 9346 4490 1104 907 2450 2488 2573 744 2492
578 3956 518 2280 9224
579 8567 2892 2062 3138 8884 3842 9667
580 4552 5719 3821 10245 17 1400
581 5066 695 1466 2431
582 5537 1104 10018 11413
583 530 3840 9791 1012
584 1324 8258 1212 5516 146
585 1858 8464 5857 10744
586 1257 5440 9371 8824
587 1234 11398 9594 1847
588 4628 3955 8881 4327
589 8369 8905 8545 10549 10430 10902 10707 8955 10708 10334 1120 1853 9584 9768 8517 2202 2201
590 1982 1608 4123 1922 9100 2219 2957 8884 8365 187 8948 430 10457 10071 3841 8191
591 10563 5843 5039 10159
592 1027 923 2540 2237 6577
593 771 195 463 134 1711
594 8091 2345 4174 9262 319 4418 9606 925
595 121 6289 2395 9445
596 1149 9255 10628 6287 10356 1214 10784
597 5258 3237 169 2471 5144 9928 11237 2198 3734 3182 5863 3710 5588 10453 1547
598 2059 1744 10258 7957 3692
599 679 1558 9562 1711
600 537 8802 9539 5872 10633 1050 5824 2586
601 2956 5159 5805 2995 4748 8882 9182
602 4692 1633 5222 58 9286
603 8302 1319 4159 1961 8722 7832 8620 1104 3778 997
604 2027 29 5661 8935 2490 9795 8299 5950 1254
605 8290 4285 5046 2916 1634
606 5195 8170 3375 5992 8593 5804 5227 4524 1672 2241 8328 1959 4123 10815 9702
607 1436 9276 10577 10116 10995 10130 10626 6027 9459 10751 9371 11222 10580 10725 11459 10963
608 7808 2062 9129 1324 2051 8503 8933 10302 3461 2887 121 8293 4197 2279 8422 10371 8222 432 8804 1147 10367 10343 2486 5120 6109 2643
609 1234 9043 1158 457
610 3984 10277 2742 9443 4207
611 2109 1135 668 627
612 4282 2486 10058 5158 10160 1149
613 1363 6229 2701 6273 4629 842 1768
614 6212 1642 8264 5824 5341 8079 2911 5433 5010 3861 8199 3616 2035 10426 6577 2431 5542 3452 2853 575 6321 5008 2929 342 6215 911 3314 2406 560 564 10161
615 8176 10539 9619 11228 10598
616 8083 5302 6343 9048
617 8489 8426 8423 5551 9436 9855 9837
618 1982 387 2559 801 5540 1398 5967 1744 8423 1741 9436 10683 5522 4484 9182 8671 3012 8490 9515 9208 916 10879 5475 9351 2892 992 5322 8949 8552 5060 9486 9069 11259 4084 9270 3808 6220 3373 6083 5441
619 8989 274 4518 9790
620 7808 9067 7301 9269
621 4405 1725 3423 759 10323 11265
622 4613 2109 8178 3597 8804 8327 217 10023 40 9702 4519 3623
623 1731 873 6108 10908 2063 4564 6040 425
624 885 320 4416 11114
625 1239 5530 11379 8682
626 3011 3251 10801 2533 5323 11475 2456 10879
627 2966 8391 1551 667
628 2673 5918 9830 694
629 10602 1327 1069 2002 9271
630 8674 10803 10864 9731
631 9387 3334 4127 4073
632 1149 12 19 462 8661 1148 6136 4250 10428 2999 460 368 459 2344
633 3604 8850 3454 10700
634 3638 2963 3634 2079 1228 5142
635 2109 1655 2652 10553 3629 3854 4861
636 10405 14 9393 7430 10406
637 2309 3792 4079 1278 3304
638 8478 8973 1862 2190
639 11278 2993 10846 5588
640 1319 9670 5360 176 10294
641 5263 2035 10507 10894
642 5732 2308 2194 2301 4895 2279 130 3967 5708 852 1634 4572 8141
643 3047 3893 2496 2062 1763 8414 8646 6147
644 3785 4428 3799 5863 8948 10828 11489
645 3393 10252 2758 801 1862 8775 3816 9335 9334 11490
646 622 664 640 634
647 2062 852 1147 16
648 567 3505 6308 2870 1278 11002 487 9653 8684 634 640 2444 622 1490
649 8292 22 5098 10162 10324
650 8683 3168 950 4521
651 5540 4358 9343 9753 9514 9515 9430 8489 1319 9855 9436 10215 9395 10760 9358 4583
652 457 3626 3748 2628 4895 5479 4282 10029 2063 463 4219 10 3157 2951 8764 2343 3403 1740 118 109 2711 460 706 4296 2501 1079 9930 277 3720 755 1401 429 8375 5770 5060 10920 3137 771 5063 5635 1765 368 1503 461 5062 9173 9684 1278 5129 1064 10032 2752 2650 8448 459 668 3057 1830 3060 10044 10049 8499 5014 9631 11304 3754 1009 9708 9727 27 2443 3689 1078 9215 750 1677 11495 5669 8881 4160 2747 6083 841 206 9970 4445 3198 9745 10195 10068 389 3138 2685 1680 2621 9748 9807 497 1213 5968 2220 9711 2680 316
653 8627 4526 7115 3325 8943
654 4018 2679 4194 1968 2695 9700 4955 1135 3004 193 6152
655 696 1749 4309 2670
656 2814 1902 1080 10412 9780
657 4329 2062 2388 1075
658 2733 916 9418 8725 8799 5046 4759 5764 3144 8924 10375 9619
659 3770 2348 493 7847
660 7093 1110 1167 1883 1817 1640 1879 1606 151 4545 2676 1873 1880 785 1884 7935
661 1984 3743 2162 10008
662 1744 2488 5967 487 3615 376 10374 2494
663 2390 356 2890 10080
664 1020 8986 9143 11072
665 4330 1635 1589 6074 1389 8332 5868 2249 9738 1392 8539 11497 9596
666 9947 8447 5669 5996
667 7175 7655 8775 5174
668 2316 906 9555 8159
669 9592 4141 10881 5175
670 7504 7402 9911 11180
671 460 475 7716 2698 5720 1691 5368 11081
672 10763 2557 9491 310 2730 3012 8786 945 5542
673 2063 10183 9669 10362 2270
674 53 1839 4493 314
675 10499 10234 8191 8222
676 3788 41 7493 8563
677 3582 3083 5481 5478 1250
678 2237 10746 8453 1689 2562 441 2561 2568 10322 5606 2539
679 11098 3068 10653 1685 1824
680 10334 10125 4587 5015 627 9416 8602 8553
681 4411 27 5058 8883
682 5864 9859 7714 581 10834 10510
683 10188 2729 9825 10884
684 5714 2073 6308 5700
685 9729 314 5595 9620
686 10691 6254 836 1899 654 3874 6043 2038 8578
687 10605 10108 10487 5440
688 5502 732 5720 19
689 8228 460 2701 2492 10913 2283 4485 2892
690 11409 9004 5781 4701 2039 6083 9171 10054 8719 8652 10055 8140 9079 10062 10066 10056 4633 10042 10050 10070 9710 9327 9333 9332 9335
691 2892 10562 3805 5139 2444 10357
692 1613 807 709 1444 494 2101 691 1424 11364 3589 745 2226 3930 8832 1417 3172 10180
693 10321 10082 9354 3795 5588 5130
694 2536 5019 2931 1485
695 5832 1459 3056 318
696 460 2276 4495 10435 27 2887 3596 710 695 697 5117 2495 8484
697 5540 3545 3546 9639 907 5554 10967 10306 9153 10353 3315 7634 10968 8306 9820 3647 4415 6091 9512 10215 8824 10705 1104 11307 9349 5302 5542 6340 9376 5174 3656 11080 8882 8825 3654 904 9394 905 906 3661 9350 11149 10706 9374 8358 5548 10544 5941 8831 10574 9316 5440 6085 3526 3649 8303 8777 9837 6026 10875 7722 9380 10754 9554 9378 11318 10659 11195 11515 10309 3819 9494 10308 9855 10674 9515 8425 11347 4576 11128 10077 3607 10677 9607 9104 10467 9084 11445 11118 10724 11163 10511 8792 9454 8739 8423 9551 11028 11119 10119
698 2511 9725 10138 5014 8719 8307 10671 10140
699 460 193 1490 1443 3142 8799 8216 901 677 10469 9175 4377 9613 5379 1231 2281 9261 2312 5554 1859
700 2788 1254 844 3143 10611 3656 5704 9575 6027 11517 11368
701 10142 1478 10652 1480 4583 7327 7395 9572 10784 8478 9901 5605
702 8429 54 3724 2052
703 7403 10527 7499 7878
704 2144 5247 9527 2251 3564
705 1007 4524 10912 7643 976
706 8580 3790 96 126 3206 5120 10569 3793 1411 9117 2895 2896 10592 4636 9265 3722 9928 9118 4870 4871 2166 4872 752 9080 9149 9662 2175 8734 219 138 9810 9397
707 7968 4020 4375 193
708 4295 9351 9436 10595 3822
709 2656 10930 11300 5966 3162 10355 9698 11069 7205
710 3494 6895 9084 10767 3808 6220
711 2158 2386 752 11065 9666 10981 11164
712 10527 3651 6468 850
713 8916 3286 10142 10613
714 3843 8330 962 567 581 5765 10012 3866
715 685 6 8829 517 1973
716 1375 8318 2961 11246
717 3274 8489 10901 5535
718 457 4191 685 5856 11130
719 2729 9825 9371 9377
720 855 4323 10170 10470
721 3406 11546 8392 9396
722 11035 4368 7994 11255
723 9223 1058 9237 9240
724 530 25 2755 305 9046
725 9513 9371 10580 10936
726 10755 9962 11334 9943
727 6158 8890 3779 8386
728 3494 3001 5821 3504 7784
729 2283 2892 5124 710 8451 8121 7943
730 9368 10613 9308 4600 9354 9193 11198 10964 10936
731 10526 2463 8868 6002
732 11067 3893 1964 8287
733 3205 1756 8629 5720
734 1234 2247 2040 3975
735 41 1284 10686 9566 758 7124 11353 8858 9377 9370 11470 9372
736 3789 9587 5429 5695
737 5050 284 11013 3841
738 1609 3933 2892 1147 1284 2062 9293 5036 2100 5184 9956 318 1070 2038 1759
739 3790 5119 11050 11465
740 8224 8426 2529 5544 3394 5545 8764 5103 801 878
741 2892 748 9062 4651
742 332 750 2063 1143 1767 9913
743 9436 9855 6175 8831 2730 8224 9842 4363
744 3092 1443 1490 2585
745 4179 3808 3655 3660 3653 3000 3428 5941
746 3370 11408 10203 9300
747 10026 8862 2015 5678
748 9733 10863 9512 9383
749 9174 9031 4293 9172 9033 4292 9958 5775
750 1146 1913 2701 497 3056
751 6063 4760 3188 11325
752 8664 10808 1847 11488
753 5050 2799 2063 430
754 3200 4639 5360 9744
755 896 5432 3552 10610 9264
756 5507 8938 6489 5174
757 9105 5485 60 8427 9354 6292 9182 2994 62 64 567 9943 10282 10686
758 5850 2486 2799 2497
759 4134 9523 334 5788 1171 200 4632 2852 559 2106 569 545 4340 24
760 9525 10439 11074 10280 10765 11419 9721 9052 8467 8227 1481 8469 1896 2314 10005 11038 10021 11405 9188 5561 10354 2281 11128 10993
761 5438 1254 2189 5070 6089 4312 1366 1758 3138 8449 5201 10812 5442 9706 10105 751 3066 3471 6043 9842
762 8220 10353 10974 4416
763 5478 4311 3854 6229 10178 165 3789 2059 2730 2099 2943 1950 9207 10025 2888 9208 6795 5022 8465 2494 9428 5303 10759 7102 11377 5359 9842 6109 11154 10791 3061 10154 9728 3652 10225 1259 757 9743 3662 8945 9495 9955 8870 5829 5058 10158 11410 8791 10652 10036 11135 10047 9228 6090 2075 2287 756 11282 10043 10059 6712 759 2496 2497 8250 10294 9667 8184 11422 8667
764 3835 318 2063 2062
765 10789 8228 40 39 2207 8238 7994 9472
766 9293 7990 10954 5561
767 5342 970 460 9299 2894 6110 2941 10540
768 5119 9419 11236 10723 9664 10895
769 6087 1147 460 1008 1772 761 11503
770 5254 1924 11231 10366
771 4 10188 2729 9825
772 1614 2654 5503 4651 10823
773 1764 3424 1327 885
774 9855 3808 3797 11462
775 8616 2135 8905 5134 10085 10558 8530 9205 8703 10851 4653 666
776 9769 9086 2111 9873
777 6210 2494 1234 8957 685 696 10462
778 6860 9938 10646 10485 11337
779 10819 5669 1253 5060 8567 1146 1941 1259
780 27 6049 7344 2894
781 4602 1617 6811 6506 9036 4429 8755 9371 3656
782 2277 1224 10852 2378 9562 10123 9999 9130 10476 177 8950
783 5968 8763 9696 11228 2468 910 4398
784 10301 9594 1279 10038 10400
785 9822 10207 11430 5139 1260 5023 680 155 10953 752 4313 4491 9484 8497 8498 2367 9950 85
786 6089 4159 4167 2803 755 8684 8951 5322
787 10468 5024 5948 5795
788 2270 8854 645 1909 4571 2684 9685 1199
789 11169 11126 9311 111 102
790 2670 10079 9597 27 3136 4167 2894 1259
791 3643 9266 11429 11232
792 2835 1765 5057 9661 9068 9171 8375 5061 5484 5770 9892 9726 5384 8286 4125 10037 10048 10073
793 9082 8826 8003 8083 1319 2729 10655 4033 4583 6113
794 1 645 2061 7728 8421 1898 130 2790 2020 2547 8629 5652 3466 1731 7186 3186 9638 1322 531 2978 8290 1673 1656 145
795 1374 4123 1837 9189 1098 8434 10409 3902 3901 8977 5323 6847
796 11496 1830 668 10600 4123 3470 3687 5075 8265 4476 8980 10493 9060 10210 3471 11425 4593 4977 2894 3387 1629 2892 4159 4366 9851 4121 9356 5483 318 3685 4623 10946 11144 10838 1471 10961 8259 5923 4595 10276 950 3425 11542 3443 4592 1266 10835 11083 2076 9369 9792
797 2062 9208 9692 1068
798 10969 10247 3756 7964 11116 2075 759 753
799 16 1085 331 257 9691
800 9818 9304 3668 1018
801 10655 3801 9364 10480 10547 6938 9365 6027
802 9371 3539 10918 10936
803 10655 5302 2423 2424 3817 6027
804 10443 10521 4286 10159
805 9789 8337 11582 11564
806 11287 10890 9348 5553 8774 5302 3661 11521 10626 6027
807 5702 3808 4375 10185
808 1224 1693 8300 3750
809 6326 5521 10570 845 10 5302 2064 3656 10996 5941 10118 10402 10711 9276
810 1022 1758 1767 1269 2501 2801 3444 9078
811 2384 1767 227 1764
812 9139 10318 9805 10971
813 4082 8533 10842 9931 10853 9776 5123 8875 3814 11284 1270 5856 11492 5595 9695 2292 10938 9707 2175 8951 8718 11412 8450
814 5139 4645 170 5729
815 460 4109 11016 5979
816 407 8204 5693 5598
817 4047 1254 3245 8857 5693 411
818 9293 9470 9693 11255 11586 10142
819 9352 9586 11026 6256 9106
820 318 4574 1367 8371 5770 9018 10793 9325
821 120 121 124 8891
822 8583 10290 11201 11029 11242 11193 106
823 1478 3317 10005 5856 8475 4713 9188 5561 8227 9402
824 2499 3808 5407 4598 5408 2077 5302 5858 3842
825 11506 9771 2169 10331 10247 2034 1692 4327 9272 10502 1220 3146 9273 9885 9081 9886
826 4080 8822 5770 10680
827 2486 318 5856 8917 8882
828 2283 1169 10569 772 2355 151 1873 623
829 2337 2583 11376 5709
830 10208 10950 9586 11026
831 3057 5053 9085 1757 2830 4297 11185 273 3187 4565 8140 10988
832 2895 4082 11363 2892 2174 2442
833 1659 347 6205 995
834 1256 1898 9700 10352 4134
835 8011 11295 5305 10818 11056 11156 11055
836 10742 7994 10954 1481 10590
837 3936 10990 10925 11199
838 9510 9354 9162 5613 5360 9377 10115 10116 11344 9371 9106 9554 9459 10998 10580 10936 9276 10579 10964 11220 11453 9379 9370 11000 6027 11554 9108
839 4832 9703 11068 44
840 8502 8486 11326 11038 6231 9401
841 463 9614 439 2131 2394 2205 2163 855 2278 7309 2442 11075 7943 1859 1473 182
842 10133 9617 6013 8838
843 5440 8275 1270 5189 5764
844 5352 461 10247 1986
845 472 475 257 5776 201
846 10353 11103 10884 2431
847 948 9518 2890 10469
848 10609 3132 5244 904 907
849 10726 3656 11296 10547 5941 9493 9993 11291 11515 10576 11331 11018 10857 10495 11451 9801 11280
850 8557 3497 8792 5525
851 9371 10957 10116 10660
852 2038 1691 9268 11064 10772 11328 10036 3819 4576 9634 9587
853 2285 10689 9803 2645
854 1771 8881 9695 10644
855 2896 4636 3651 10082 8555 2179
856 9107 11147 10253 3841
857 247 3914 1490 1665 4676 11089 218 346
858 8226 8297 11537 11479 10560 11531
859 1984 1365 1147 427 8229 424 753 759
860 4295 2063 3138 753 8684
861 1224 6290 8949 3651 10105 11063
862 9705 135 2378 3656 10469 10403 8121 8699 9807
863 313 6070 1634 2954 6102 3886 8617 8970
864 9172 755 5060 5856 10809
865 10867 9107 9571 139
866 4600 3834 6156 755
867 4296 5018 1673 894 1830 1961 876 859 9219 2216 1147 2161 1695
868 4931 1342 142 10888
869 4043 1866 8308 3266
870 3798 1751 1423 5379 5390 5793 706 5901 4487 8289 587 1744 9854 5975 5323
871 10365 8437 8156 10304
872 3800 1240 2174 4664
873 7248 3656 3794 4413
874 10592 9107 6254 10544
875 149 9928 9662 6032 8133 8548
876 3064 8881 328 8540 4187 8684 1665 755 758 2443 5060
877 463 1565 135 159 9270 2441 2442 7964 143 622 1549 736 2896 11060 634 519 1490 640 718 195 646 359 671
878 3424 4540 11149 9394
879 9283 4658 10114 9389
880 5704 3585 10353 6220 9324 11530 11051 4187
881 10082 3656 10888 10077
882 3651 9927 2038 8718 756
883 2670 753 9354 3656
884 11380 10938 2025 10208 9269 104
885 5704 3656 6026 9553 10997 9370 9372 8949
886 11375 10111 6220 11134 9274
887 4143 5510 2917 2729 5103 4066 6578 5554
888 10082 11524 11306 3242
889 3576 9709 1664 3164 3166 10817 1721 647 9123 2225 808 5907 10718 3447
890 6026 11367 11158 10581 11070 11071
891 9553 11146 10659 11018 9554 10402 10686
892 9297 3655 10564 11002
893 5440 10353 1368 10104 878 10706 10064
894 11462 11296 11515 3669 10626 10117 11513 10495 7154
895 9852 6004 2429 2075
896 8706 89 1293 10638
897 1369 842 10440 54
898 9170 8497 10223 1147
899 10997 9084 10452 9586
900 1810 11007 6015 5389 8122 11553
901 9070 11589 8191 8373
902 9543 1275 422 5286 496 10032 10312 1772 9130 387 1770 6228
903 4280 184 10354 2585
904 10991 2891 9717 10753
905 4608 5076 1605 8977 10242 9619
906 10225 176 3263 2355
907 11154 1695 2062 9352 7124
908 9354 10967 10875 9380 6341 3817 9607 3656 5941 3520 6343 11110 6339 879 7462 5430 2729
909 4186 2443 10049 9521 10703 5487 11540 4239 10056
910 3808 5440 10322 11156 4633 5062 4303 3779 10694 10041 9551 10589 2037 6107
911 1479 11027 1234 5228 8062
912 3290 3484 2041 8496 3873 9745 9912 9442 4944 1973 8321
913 1234 9305 6105 5747
914 9171 8304 11079 10160 5368 10050 10053 11338 3607 10129 10806 6302 11441 9848 11269
915 1306 8153 4179 3423 9081 10073 3253 6020
916 1219 1748 4531 9058 9377 11619
917 9427 2729 8429 9334
918 8921 11533 9107 11173
919 3656 10116 9371 9554 9458 11152 8297 11347 11445 10999
920 6026 10581 11153 3649 10547 8731 11018 10938 9993 9493
921 9370 9372 9377 9445 4363 9516 9298 5554
922 10076 9960 3667 10837
923 9309 10997 10660 9379 9457 10725
924 11146 10917 10577 9553 9373 5941 3656 9193 10918 3665 6027 9456 9377 10576 10924
925 1402 6654 640 5054
926 3070 9296 6106 7439 2443
927 11579 5941 11631 9454 10938 9607 10907 9379 11108
928 8137 752 9080 10828 11060
929 3689 1311 456 5060 1270
930 2585 1319 2027 9358
931 9516 567 1147 2729 54 9153 9436 5554 9963 9377 8304 10353 10188 10559 8489 1319 9394 3393 756 2206 10894 9667 8191 10802
932 7309 8701 11565 2595 2617 2531 1403 2596 2597 4241 2599
933 1541 9261 1490 359
934 51 8804 11306 8956 8472 8474 9997 8893 10469 454 1121 2390 2890 9742 1637 2255 9789 8542 3623 4136 10928 9027 11632 435 958 2239 10508 2652 8014
935 9991 3666 3815 6248
936 9270 175 1220 1116
937 2894 4355 5380 11508 9169
938 7 2575 2577 10222 10720
939 1820 394 5367 5305 1951 9375 9436 9351
940 9153 8489 9512 5063 9316 6113 5554 10466
941 8644 10341 5705 9845 9799 4998 9133 9961 11440 10873 5995 10676 9376 9436 9520 11044 993 3162 9551 10500 8792 11634 11340
942 9959 2442 1383 3585 576 1370
943 8949 1224 2726 10225
944 11064 11467 11224 9587 10090
945 752 2515 9662 9928
946 249 1612 260 5768 5499 11444
947 9371 9370 10116 10917 9373 10659 2730 10997 753 10626 6027 9377 10685 11070 11152
948 10621 5440 2503 1089 1759
949 4148 4143 566 3893 1693 10470
950 206 5144 1559 2442 9080 2172 5127
951 5041 9305 11049 10170
952 9149 1816 2441 5859 9298 9261
953 2426 2343 6308 9
954 135 10065 1755 8686
955 2027 2170 8121 8858
956 8872 3184 4141 9938 3487 3647 6860 3315 907 3664 903 905 5534 5521
957 4475 1449 9421 1909 2836 4755 3930
958 4395 3660 6650 3801 3652 7188
959 5941 757 758 11070
960 3805 11024 11404 11113
961 10609 3653 3519 9269
962 597 8191 2075 3056 11217
963 8555 634 5368 11232
964 2621 1876 3137 9821
965 5825 9029 1493 581 4427 10887 10684
966 1018 9375 10622 9549 9813 10308 10060 2729 506 3808
967 5941 9554 9458 9108 9566 10580 9459 9570 10936 11470 9372 11483 9978 11158 11157 2729 10188 11473 11366 11537 11479 9977 11102 10560 11442 11486 10749 753 11526 11382
968 5941 9371 9372 3519 9370 9379 6027 9455 10660 9456 9377 9454 10918 9524 10103 10579 9391 3651 9457 753 9108 9566 11522 11470 9554 9460 11347 9607 10407 9978 11453 11196 10626 11158 11118 11001
969 752 5367 11060 8718 9810 10275 11024
970 5867 5856 11017 6646 2694 11
971 3373 3462 2077 5856 8883 9940 753 8565 10195 8791
972 11358 9454 5941 9377 10579 9457 10998
973 3841 1541 2174 1542 1397
974 8788 8654 8964 8787
975 2441 11310 9367 5127 9080 3672 9396 8699 2444
976 10546 9553 9566 9379 10998 9104 10088 2729 10188 10884
977 5479 4293 10916 3142 8881 9605 5123 5063
978 10581 8298 9377 9457 11152
979 5941 9454 9566 9108 9459 11252 11487 9582
980 2170 2062 5379 8917 5063 8121
981 9928 8891 1224 2174 9080 11598 10208
982 5698 3658 6698 6445 7985 3731
983 187 16 1607 695
984 3253 1601 528 1693
985 10413 6303 11494 3567
986 9840 9354 6176 10580
987 11358 11153 11374 9460
988 9613 5309 2280 5305
989 3010 880 2729 2619
990 1484 9153 3604 2894 2892 1637 10005 1888 318 11079 5440 7904
991 8959 3181 5360 6954 603 9542 725 2180 2292
992 8543 668 2219 5085 1208
993 9974 10285 244 2670
994 9495 11300 10650 4601 11173
995 11485 9466 11397 11484
996 4182 9871 3656 5941 6108 2038 1290 10272 9062
997 2441 193 9062 758
998 904 906 905 3661 907 10788
999 2585 1040 5716 430
1000 1271 4709 5764 10067
1001 755 859 1135 5060 8881 1841 3045 9069 9940 9809 5381 2054 9160 9130
1002 3645 3819 4576 3607 3608 11416 3609 11538
1003 8756 2799 10477 10284 1135 2054 710 1133 530
1004 8917 9940 10049 8881
1005 9080 4636 9998 10320 11274 5700 2773 2683
1006 752 5127 2174 9468
1007 161 359 3800 1490 622
1008 1695 4313 4299 10071
1009 2068 9092 5475 10897 10906 10090 5939
1010 3656 11374 3649 10918 6027 9377 9379 9371 9566 9456 9460 9607
1011 9193 9377 9106 9108 11152 9566 11470 11118 11226 11461 10781 11447
1012 8723 5060 33 11410 8977 3692 1764 1768 9892 2075 10036 10041 4187 10376 10062 9809 3139 8450 10067 8950
1013 4332 939 2790 3789 1092 1965 2768 2769 8773 1479 2503 6110 9306 4323 11076 10179 2906 6256 2454 5808 10316 11330 9326 7553 1919 758 1066 10047 4186 7643 4182 8917 11265 10294 10060 11135 5010 759 8950 10934
1014 5126 9001 2442 8806
1015 9842 2428 5353 10235 7986 513
1016 9209 2240 5276 9107
1017 8697 9067 3044 1935
1018 2442 3841 10868 3800
1019 9454 11358 9371 11196 10579 9379 10998 9456 9457 9106 9566
1020 5863 4147 1146 2186
1021 10660 9456 9377 10407
1022 9576 7483 11122 10547
1023 2027 9354 2585 3817
1024 10709 5039 2397 9354
1025 10237 8765 10769 1293 4381 9263 11394 11398
1026 11639 8835 10083 6806
1027 9099 2892 2062 8468
1028 2174 2442 3720 4123
1029 6027 8023 10652 11196 10997 9459
1030 9354 9457 9456 10117 9370 11196 9459
1031 1638 1103 2179 2167
1032 11153 9192 10102 5136
1033 3841 8967 9604 11076 2497 2158 10882 2298
1034 8866 7506 11452 3607 5175
1035 2174 2179 668 2993
1036 6180 5440 9062 1368
1037 10761 8158 11567 4366 8618 479 9179 9724 403 1708 11385 4266
1038 3114 2179 1294 1304
1039 10997 8381 1070 10116
1040 8447 10378 3916 9667
1041 1984 1022 2892 2174
1042 9976 9958 9468 3819
1043 2127 3812 10312 3071
1044 1307 6411 11598 10144 9277 5838 11161 5207 6445 10931
1045 5126 3225 2355 3752
1046 9375 6176 6158 9378
1047 5863 664 646 2161 9080 359 9662 1873
1048 9379 6626 8324 4978 11155 8130
1049 8587 9456 9377 10997 11235 9457 10575
1050 6091 9516 9379 9374
1051 9377 9371 9108 11366
1052 2023 2156 1193 1564 53
1053 9377 3585 9108 9457 10471 10964 10115
1054 318 1147 10570 821 10088
1055 9928 2515 3382 5128
1056 11007 6687 4182 10785 11179 756
1057 3779 10407 10402 8133
1058 1772 2678 3119 2443 10847
1059 7024 1693 2571 2554 2593 9798
1060 2442 2218 647 815 3586 16
1061 1780 6626 2409 7898
1062 9377 1147 1632 1070
1063 11204 10709 3811 8967 3297
1064 10878 10329 10621 11039
1065 9293 11161 3757 10115
1066 3298 9585 3656 1220
1067 4679 3002 10003 3223
1068 1490 622 634 640
1069 11406 10688 7954 9437 3394 8201 11520 7748
1070 9964 1287 1307 9396
1071 10134 7104 11134 10135 11002
1072 5124 2442 2896 2697 4085 11285 11415 9810
1073 3924 2174 9596 9086
1074 10916 4000 1451 493 11604 6352 1552 3792 8035 2585 3485 866 8699 5368 5224 8370 9497 180 9130 10214 53 127 10438 519 75 3969 9110
1075 10247 4338 11242 1270 9809 1278 10233
1076 9702 3100 10619 9381
1077 9354 5336 9607 9566
1078 3799 4171 9695 10538
1079 5863 11501 10142 8916
1080 685 8086 9190 8568 815 3137 8538 2013
1081 3070 2472 2652 5929
1082 11196 10962 10685 10407
1083 2442 2730 4327 4085
1084 5103 6130 5270 8402
1085 3181 9108 9458 2730
1086 9377 2670 5852 5039 9372 9370 5856 5941
1087 11159 11160 1284 10648 6946 10472 9522 6265
1088 10835 6035 11013 3626
1089 9080 9662 9261 8884 10354
1090 3645 3819 4576 3607
1091 3649 9494 3656 5941
1092 11060 9478 9810 6082
1093 2549 10582 9518 9919
1094 3484 381 1324 5440 10584
1095 9377 1070 10821 9379
1096 9375 2488 5016 679
1097 2385 5060 5059 11106
1098 9455 11235 10998 9456 11000 9108 9106
1099 10226 9352 6925 8784 11435
1100 211 2797 9810 2075
1101 10626 11226 9977 11070 11532 10892 11239 11147 11071 11353 11550 11382 11606
1102 623 513 10938 717 1951
1103 9379 9456 9377 10999
1104 5838 9377 10579 5878
1105 9544 2027 4308 1881
1106 8773 9819 9820 10511
1107 4061 9940 9696 318
1108 1338 241 2400 4563
1109 3841 2176 6014 771
1110 4654 3769 3488 9264
1111 8565 4795 10722 2491
1112 10966 11026 10976 10686 11266 11303 5070
1113 2176 1009 5134 157
1114 10579 9456 9377 9554 8297
1115 11029 3304 9080 2173 2178
1116 10997 11146 11235 10999 9108 10998 10575 5258 9459 10580 11108
1117 9312 4599 11231 10142 2045 1286
1118 6308 4795 11159 11160
1119 9217 10456 10206 808 9737
1120 6831 3869 1500 625
1121 1972 10776 9068 10273
1122 3818 8281 9576 2291 8471 7493 10931
1123 8776 9107 5175 11180 11110 8782
1124 9497 1472 1516 10157
1125 9009 3656 2585 8191 10115 10088
1126 6134 9810 2444 11343
1127 5863 9928 670 8718
1128 4058 8950 9490 5716
1129 9841 3716 2622 3459 8191 11117 3996
1130 9404 11510 9671 8121 9272
1131 2369 8536 2075 9667
1132 8651 9924 11107 9757 5569 10989 9329 10846 3585 10680 8452 11111 6300 5060 11109 10172 10910
1133 8773 9819 9820 10511 10155
1134 3936 5254 7878 10829
1135 3333 2196 4555 2679
1136 10692 567 5777 5323 8456 758 5583 8191 8335 10952
1137 2442 1875 9810 752
1138 9379 9377 11108 11442
1139 2442 463 6040 1371
1140 9457 9377 10937 11382
1141 880 1990 2558 2581 2611 2619
1142 753 2894 2892 758 2075
1143 8516 5560 5139 8636 1001 11111 10011
1144 5322 5052 8718 10796
1145 3933 9929 8484 5178 10483
1146 567 581 10245 6307 10246 10456 10318 11319
1147 3952 11515 8323 5977 1827 7240 3656 9715 3870
1148 10579 9370 11470 9108
1149 11243 3799 8500 6555
1150 2426 3194 3403 3888
1151 9377 9372 11470 9977
1152 10626 9065 8153 10681
1153 650 5944 622 8692
1154 8448 6109 10160 2614 8686 10297
1155 5967 907 5530 903 9107 7634 3315 5534 3189 125 3664 10353
1156 2077 5521 160 2558 2581 170 758 8568 6089 3519 8510 196 5204 203 11110 6039 2075
1157 5863 1840 196 9929 203 126
1158 2281 2493 2892 6333
1159 5768 1474 1692 11495
1160 769 1399 1071 1270
1161 6012 9641 3139 4543
1162 9846 11044 11634 2248 94 6147 9048 8493 9814 10024
1163 10353 10974 10749 11446
1164 2368 10799 11264 11197
1165 7819 6113 8241 8093 10474 5303 5531 9371 5521 9394 2729 9855
1166 11607 8235 10759 11448
1167 6626 5700 1473 8949 4327 1448
1168 398 2947 1772 11323
1169 907 9354 10309 9380 3497 9515 8306 8831 9181 3494 11103 10967 10724 3545 8792 125 8639 8731 9837 9153 10308 2458
1170 5026 2283 1724 2822
1171 9379 10573 11305 9377
1172 3462 5354 627 8685
1173 11132 10422 2679 6084
1174 9662 6032 8133 11024
1175 3656 5941 359 2161 3800 10883 2441
1176 11182 10172 5156 3471 2894 5720 6107 8373 668 3450 13 1755
1177 6963 7418 9115 10117
1178 9080 2431 5144 8212 10723
1179 264 5392 11273 9920
1180 7812 725 5139 5367 147 1122 5099 3792
1181 5442 9173 3807 5829
1182 3841 4123 10977 9807
1183 10308 9372 9370 9380 10875
1184 9662 2896 2699 10354 11060 10077 9396 2126 2131 2169 7943 1563 10657 1955 2355 10190
1185 11345 106 57 10987
1186 9377 10580 10998 9106
1187 9103 5863 9015 8657 2972 8919
1188 3138 5440 2077 8917 1965 8448
1189 2062 3817 9104 11366
1190 11335 1290 8467 4484 5062 6168 1269
1191 9566 5941 9371 11627
1192 9403 4706 3408 250
1193 5174 4216 7741 6616
1194 9458 11445 10407 9570 10088 761 753
1195 2027 2670 2585 753 9607
1196 8730 8346 7210 3501 4503 2497 8783 6335
1197 9108 10917 9607 10407
1198 9570 9456 9457 11470
1199 9175 2166 9517 11588 9010 8718 1358
1200 11331 10860 11279 11115 11493
1201 9458 11522 10964 9108 11157 10685 11312 11459 11461 11367 11308 11469 11627 11594
1202 8208 5495 4293 8700
1203 9831 7767 10729 10727 11275 9833 11073
1204 7935 9382 1880 7309
1205 9185 5112 5815 9611
1206 8917 10941 5857 2075 11332
1207 3223 3874 9919 9408
1208 9107 9662 9531 8634
1209 8962 1935 925 3124 5360
1210 2558 2581 2619 2639
1211 9228 2441 3790 2178 2444 5368 8997
1212 8554 758 5715 11637
1213 9392 9607 9371 3656 9454 10581
1214 749 11645 11352 11569
1215 8929 5381 981 10049 323 5323 326 9485
1216 3819 9607 4576 10684 3607 11394 10965 4381 1293
1217 1971 6483 10192 604
1218 10935 8448 10245 11164 5636
1219 9662 4462 8884 5130 8718
1220 10250 6027 4429 11462 11166 8731 10399
1221 3669 9566 10626 9371 9554 9193 3656 9354 10117 5941 9607 6650
1222 9104 9458 9607 11157 10685 10579 9108
1223 3138 9940 5060 10160
1224 8485 10840 11556 2341
1225 896 11119 11227 10119
1226 5130 9810 3242 11024
1227 5529 6230 9094 9965
1228 11001 10686 10706 11071 10939 11059
1229 11478 6027 9978 11001 9455
1230 6231 1477 2226 11420 605 162 3593
1231 1008 1281 2665 3001
1232 9553 2220 8329 11071
1233 9380 1104 11155 10974
1234 761 3656 5941 9607
1235 9108 10964 10402 11367
1236 10670 2180 10235 11164 6445 3658 6698 7101
1237 3286 3731 7985 9922 8947 9590
1238 3817 9380 6343 11421
1239 10216 5857 851 2294
1240 9997 1277 9093 2283
1241 4563 2409 2075 8918
1242 1723 564 4134 244 2400 592 925 540 4766
1243 8046 8305 11429 11599
1244 3649 9607 11158 10685 10579 11537 10560 11312 11531 10749 11601
1245 10407 9607 9978 11118 11324 10581
1246 4327 10275 5202 910 203
1247 7590 10905 11451 10117
1248 10409 11024 11045 8863 10187
1249 10248 12 1661 803
1250 10160 166 10846 1748 4531 6090 11101
1251 9812 10403 2062 1490
1252 6032 2161 3800 2444
1253 1296 10208 3138 2493
1254 219 138 4102 1424 3001 2892
1255 9396 2178 8858 1810
1256 2179 4327 9396 2892
1257 11158 10579 10626 11537 6027 11347 11479 9104 11461 10560 11118 11531 11469 10749 9103 11146 11526 11252
1258 11158 11312 11479 11537 10560 11347 11531 11353
1259 11165 5783 5258 8548 1918 2075 10176 2734
1260 9272 9899 9551 11260 178 145
1261 9569 8499 4234 4125 4944
1262 9272 8858 11232 10496 5281 8686
1263 9458 11157 10964 10626 9978 11071 11324 11252 11487 10404
1264 8506 4450 9607 9354 3656 11383 11434 6027
1265 8359 9390 1819 4409 7293 10564 8324
1266 3099 5470 8772 2227
1267 9252 2441 5350 5444 5099 2075 11535
1268 9294 8121 2729 11100
1269 10402 10685 10782 11446
1270 4576 3607 6112 3609
1271 1482 3286 9187 6242
1272 9666 11525 10895 9465
1273 3157 11455 1448 9419
1274 8780 9849 2664 19 6220
1275 9363 3817 5704 2203
1276 2117 4547 8134 5878 5667 5648
1277 2442 9929 10380 10832 3227 8839 1500 9024 1592 5658 171 3800 10872
1278 10172 8934 4448 6098
1279 4162 4583 7589 3108 1147
1280 10407 11226 10560 10749
1281 2892 4591 4531 4647
1282 10378 10844 3373 10379
1283 8996 10360 11302 2496 2497 8250 10235
1284 9067 9277 2768 2701
1285 4182 6187 4167 3652 10555
1286 2491 7227 11303 11404
1287 709 494 916 1319
1288 10063 8250 1741 761 755 3373 3305
1289 9980 6641 9607 6954
1290 11453 10402 3669 10964 9377 10407 9108 9566 9607 11470 11461 11070 11625 11147 10781 11119 11464 11347 9554 10119 11486 10924 9977 10120 11532 9582 8297 9801 11321
1291 186 8718 1042 2021 10318 2007 2012 9419
1292 3116 3117 5738 1589
1293 2582 164 251 252
1294 3842 11176 3139 11600
1295 8121 6059 8733 758 10566
1296 8948 5016 10248 8447
1297 9895 11309 3982 668
1298 2497 9666 817 10275
1299 671 5521 10859 11008
1300 1479 8451 10833 3887
1301 9455 9108 9106 11147 11382 11280
1302 10122 1606 2444 8702
1303 9940 8883 8334 8688 11223
1304 10976 11266 11477 11303
1305 11170 6456 9620 9870 9861
1306 9329 8391 2585 2431 2444 758 756 4308 8882 10238 10239 11024 11290 8688 2301 8740 439 9339 1693 8684 11490 2021 4633 2284 10503 1042
1307 1028 765 481 392
1308 9118 3790 2160 8844 2174
1309 7935 11343 3748 9929
1310 9810 10275 9295 11404
1311 11118 10275 8334 761
1312 2174 9897 6210 9868 8782 8535 11110 10118
1313 8548 847 1919 1918
1314 3796 2444 55 6154
1315 3674 4123 668 9005
1316 11324 10579 11308 11070 11601 11252 9108
1317 1148 1132 2023 668
1318 6089 2496 6186 2964
1319 11156 5028 4864 1028
1320 7150 3266 3265 3752 1866 2355
1321 10994 4182 2657 2186 11457
1322 1655 11319 1319 11106
1323 10860 11431 11616 9801
1324 10776 11552 9293 2174 10882
1325 10907 11119 9106 9334 11532 10119 11458 11550 11382 9978 9104
1326 415 9329 5325 8191 368
1327 2176 567 9810 11024
1328 9456 11028 11011 9455 9104 9935 11087 11088
1329 9733 11156 11575 460 8407
1330 2174 2444 4327 10081 8555 2441 3782 10082
1331 7031 8249 9807 1368
1332 9544 1147 8173 2971
1333 5248 2142 5880 2144 1818 8834
1334 9837 8387 1972 8535 2729
1335 626 4156 647 10779
1336 10997 7373 10332 9902
1337 10190 9919 5126 5530
1338 199 2442 6456 6032 9431 10719 1917 9662 5258 135
1339 711 1365 4633 2473
1340 9899 9977 10575 10989 9377
1341 9607 10937 9454 11461
1342 8300 1370 5327 2298
1343 6109 3799 9277 11577
1344 11513 11299 11289 10323 10942 9664 8636 1168 3670 9589 9229 11505
1345 11532 11513 11147 11367 10782 9801
1346 6300 4568 9546 9244
1347 10176 8177 212 6002
1348 460 8689 10652 10540
1349 8493 9041 9921 5112
1350 11373 9458 11147 11308 6027 10407 11059 11252 11433
1351 2503 2476 8191 2809
1352 10685 10579 10407 11252
1353 9598 8155 10840 8325
1354 2254 1414 3368 3371 5183 1624 6284 5963 1108 5396 5933 1909 2684 1415 2008 1907
1355 10067 9810 11024 10275
1356 11642 9966 9558 11221 11405 11608 10985 11440 10854 10839
1357 10560 11537 11531 9456 11469 11158 10749 11526
1358 11367 11353 11442 10781 11447 11487 11615 9582 11148 11594 11434 11458 11446 11593 10404
1359 11550 11382 11446 9582 11148 11383
1360 10525 663 8701 2170
1361 600 593 3519 8576 453 10840 9935 6431 9504 9843 8276
1362 8695 9187 11466 8696 11617
1363 8695 11231 8696 8589
1364 9833 5660 10729 7767
1365 9912 1135 5478 9296
1366 4690 3100 2103 5653 1019 561 9740 2958
1367 11283 11060 752 11310
1368 758 5204 4187 10503
1369 1099 6667 6741 6805
1370 9404 758 2027 9354 2585 449 11346
1371 7685 9885 9288 54
1372 8447 476 10539 8497
1373 9667 5158 8334 9809
1374 9562 13 2344 8191
1375 9295 10721 3241 11045
1376 3261 9160 8184 5606 2590
1377 10781 5264 10748 5174 753 10407 11580 5111
1378 5863 3794 11186 11664
1379 10963 11451 11118 11347 11226 11239
1380 11537 10560 11531 10749 10407
1381 9458 10119 11148 11458
1382 2585 3656 5941 9607
1383 4058 9187 1808 10935 11164 4893
1384 9031 9035 6072 9302
1385 10088 11469 11227 11118 11147
1386 11227 11446 11383 9801
1387 6129 11288 8248 11657
1388 1638 816 3172 1103 654
1389 9554 11141 2620 118 7490 9458 5017 633 2773 1666 1937 8492
1390 11519 11451 10965 10904
1391 2486 2487 3842 11176
1392 9397 11387 4467 9298
1393 9582 10782 10581 11446
1394 11382 11526 9801 11527 11059
1395 8878 1968 10959 6228 1234 1147
1396 119 10548 5942 9277 10510 11180 9229 10942 10814 11208
1397 9419 11404 3241 10955
1398 9582 9377 11383 11382 11527 11478 10579 10685
1399 622 634 11215 1490
1400 11431 11527 11662 11656
1401 11595 10294 1133 6229
1402 9065 5705 9071 10709
1403 2981 8243 2339 2326 2666 8629 949 8630 4804 2340 8501 22 10464 2341 5889 1135
1404 6112 6089 10249 8858
1405 683 11315 170 160
1406 2639 4403 2581 3641
1407 8467 9460 10781 9529 9528 5525 3497
1408 7668 10089 10344 11169
1409 5699 3288 9465 2161
1410 11117 10233 5862 3471 9879
1411 761 5204 758 3373 9810 10806
1412 3842 11176 5191 2189
