org_id remap_id
0 0
12 1
13 2
16 3
22 4
23 5
34 6
50 7
56 8
60 9
64 10
65 11
71 12
79 13
83 14
88 15
90 16
92 17
101 18
117 19
119 20
121 21
133 22
140 23
141 24
145 25
157 26
160 27
166 28
167 29
178 30
179 31
181 32
191 33
199 34
204 35
218 36
219 37
229 38
233 39
245 40
257 41
277 42
287 43
293 44
303 45
305 46
308 47
310 48
322 49
323 50
327 51
339 52
342 53
348 54
352 55
353 56
362 57
368 58
379 59
381 60
402 61
405 62
407 63
412 64
418 65
421 66
426 67
429 68
431 69
433 70
439 71
449 72
456 73
465 74
469 75
470 76
474 77
476 78
482 79
485 80
493 81
504 82
514 83
515 84
521 85
534 86
545 87
547 88
557 89
561 90
568 91
581 92
583 93
587 94
591 95
605 96
613 97
616 98
618 99
619 100
625 101
627 102
628 103
655 104
659 105
666 106
671 107
678 108
681 109
686 110
689 111
696 112
700 113
720 114
728 115
732 116
739 117
745 118
747 119
750 120
753 121
754 122
758 123
762 124
765 125
768 126
770 127
776 128
800 129
802 130
804 131
805 132
808 133
809 134
810 135
811 136
814 137
821 138
838 139
850 140
857 141
863 142
874 143
877 144
882 145
883 146
884 147
890 148
902 149
922 150
933 151
934 152
935 153
936 154
942 155
945 156
952 157
955 158
957 159
961 160
962 161
964 162
979 163
984 164
987 165
994 166
999 167
1000 168
1003 169
1006 170
1013 171
1021 172
1022 173
1028 174
1034 175
1035 176
1038 177
1042 178
1046 179
1053 180
1057 181
1061 182
1064 183
1067 184
1074 185
1080 186
1088 187
1090 188
1092 189
1096 190
1097 191
1107 192
1108 193
1109 194
1121 195
1124 196
1129 197
1131 198
1133 199
1138 200
1149 201
1159 202
1162 203
1182 204
1196 205
1202 206
1212 207
1219 208
1220 209
1224 210
1225 211
1239 212
1242 213
1244 214
1253 215
1254 216
1261 217
1264 218
1265 219
1266 220
1270 221
1272 222
1276 223
1280 224
1289 225
1294 226
1296 227
1298 228
1306 229
1313 230
1314 231
1318 232
1324 233
1327 234
1329 235
1333 236
1342 237
1348 238
1349 239
1351 240
1359 241
1370 242
1374 243
1378 244
1380 245
1383 246
1384 247
1385 248
1387 249
1391 250
1405 251
1408 252
1412 253
1413 254
1415 255
1417 256
1418 257
1419 258
1430 259
1431 260
1432 261
1436 262
1440 263
1446 264
1449 265
1453 266
1455 267
1456 268
1459 269
1463 270
1470 271
1475 272
1480 273
1487 274
1489 275
1491 276
1492 277
1497 278
1501 279
1504 280
1508 281
1512 282
1529 283
1530 284
1533 285
1557 286
1562 287
1565 288
1574 289
1578 290
1584 291
1586 292
1594 293
1595 294
1615 295
1624 296
1632 297
1639 298
1642 299
1648 300
1653 301
1660 302
1665 303
1670 304
1671 305
1672 306
1677 307
1681 308
1698 309
1709 310
1714 311
1717 312
1718 313
1723 314
1726 315
1729 316
1738 317
1739 318
1747 319
1750 320
1761 321
1762 322
1763 323
1768 324
1772 325
1773 326
1774 327
1778 328
1784 329
1785 330
1786 331
1795 332
1796 333
1798 334
1808 335
1811 336
1821 337
1831 338
1833 339
1838 340
1842 341
1853 342
1861 343
1870 344
1882 345
1885 346
1888 347
1894 348
1895 349
1901 350
1902 351
1911 352
1912 353
1917 354
1928 355
1929 356
1934 357
1938 358
1945 359
1948 360
1960 361
1982 362
1985 363
1991 364
1992 365
2000 366
2007 367
2009 368
2023 369
2028 370
2038 371
2040 372
2044 373
2056 374
2079 375
2082 376
2092 377
2099 378
2104 379
2106 380
2108 381
2109 382
2111 383
2113 384
2116 385
2118 386
2121 387
2130 388
2134 389
2138 390
2142 391
2145 392
2147 393
2150 394
2165 395
2175 396
2177 397
2179 398
2182 399
2183 400
2184 401
2191 402
2192 403
2202 404
2208 405
2216 406
2225 407
2230 408
2231 409
2238 410
2244 411
2245 412
2256 413
2262 414
2274 415
2280 416
2287 417
2296 418
2298 419
2302 420
2307 421
2310 422
2311 423
2318 424
2330 425
2331 426
2334 427
2344 428
2363 429
2370 430
2373 431
2382 432
2389 433
2395 434
2408 435
2409 436
2414 437
2418 438
2419 439
2423 440
2428 441
2429 442
2430 443
2436 444
2438 445
2440 446
2449 447
2451 448
2477 449
2482 450
2487 451
2489 452
2491 453
2494 454
2499 455
2500 456
2507 457
2527 458
2528 459
2533 460
2534 461
2536 462
2539 463
2540 464
2548 465
2559 466
2567 467
2568 468
2579 469
2581 470
2584 471
2587 472
2594 473
2598 474
2601 475
2603 476
2604 477
2613 478
2614 479
2617 480
2619 481
2632 482
2633 483
2637 484
2649 485
2650 486
2652 487
2668 488
2675 489
2680 490
2686 491
2687 492
2695 493
2698 494
2702 495
2715 496
2716 497
2718 498
2725 499
2732 500
2733 501
2740 502
2744 503
2750 504
2756 505
2758 506
2760 507
2761 508
2765 509
2771 510
2778 511
2781 512
2785 513
2789 514
2791 515
2792 516
2795 517
2802 518
2803 519
2813 520
2819 521
2823 522
2830 523
2832 524
2837 525
2838 526
2841 527
2842 528
2844 529
2851 530
2855 531
2862 532
2868 533
2876 534
2889 535
2893 536
2900 537
2905 538
2906 539
2908 540
2917 541
2929 542
2931 543
2936 544
2937 545
2939 546
2942 547
2943 548
2949 549
2953 550
2959 551
2961 552
2962 553
2966 554
2970 555
2972 556
2979 557
2984 558
2985 559
2999 560
3003 561
3007 562
3009 563
3011 564
3023 565
3028 566
3036 567
3039 568
3046 569
3056 570
3075 571
3081 572
3083 573
3087 574
3095 575
3097 576
3099 577
3101 578
3103 579
3110 580
3114 581
3119 582
3121 583
3127 584
3139 585
3160 586
3169 587
3174 588
3181 589
3186 590
3193 591
3195 592
3196 593
3203 594
3206 595
3210 596
3220 597
3222 598
3225 599
3228 600
3229 601
3241 602
3244 603
3246 604
3251 605
3254 606
3271 607
3278 608
3280 609
3282 610
3283 611
3286 612
3297 613
3302 614
3304 615
3307 616
3310 617
3311 618
3313 619
3315 620
3317 621
3320 622
3322 623
3326 624
3327 625
3328 626
3343 627
3348 628
3352 629
3353 630
3362 631
3368 632
3369 633
3371 634
3382 635
3383 636
3389 637
3396 638
3400 639
3403 640
3406 641
3409 642
3414 643
3415 644
3418 645
3424 646
3427 647
3432 648
3435 649
3439 650
3444 651
3445 652
3446 653
3447 654
3467 655
3473 656
3475 657
3478 658
3479 659
3481 660
3488 661
3496 662
3503 663
3508 664
3518 665
3525 666
3527 667
3539 668
3541 669
3547 670
3548 671
3551 672
3563 673
3569 674
3572 675
3575 676
3581 677
3584 678
3606 679
3614 680
3615 681
3622 682
3627 683
3629 684
3630 685
3632 686
3639 687
3649 688
3665 689
3667 690
3672 691
3677 692
3683 693
3686 694
3688 695
3693 696
3701 697
3717 698
3719 699
3721 700
3724 701
3729 702
3732 703
3747 704
3758 705
3759 706
3764 707
3769 708
3773 709
3775 710
3785 711
3790 712
3796 713
3805 714
3807 715
3810 716
3814 717
3819 718
3831 719
3832 720
3833 721
3835 722
3840 723
3843 724
3846 725
3847 726
3853 727
3856 728
3860 729
3861 730
3862 731
3863 732
3864 733
3869 734
3870 735
3874 736
3876 737
3877 738
3881 739
3887 740
3903 741
3911 742
3913 743
3915 744
3920 745
3923 746
3926 747
3931 748
3934 749
3935 750
3936 751
3948 752
3959 753
3971 754
3972 755
3974 756
3979 757
3987 758
3998 759
4002 760
4007 761
4014 762
4017 763
4021 764
4026 765
4027 766
4028 767
4030 768
4031 769
4032 770
4033 771
4034 772
4045 773
4071 774
4073 775
4083 776
4086 777
4090 778
4096 779
4097 780
4104 781
4122 782
4125 783
4131 784
4132 785
4140 786
4143 787
4147 788
4169 789
4170 790
4177 791
4182 792
4190 793
4200 794
4220 795
4231 796
4236 797
4243 798
4251 799
4256 800
4257 801
4259 802
4266 803
4272 804
4282 805
4284 806
4288 807
4291 808
4292 809
4302 810
4306 811
4313 812
4316 813
4318 814
4320 815
4321 816
4322 817
4334 818
4341 819
4342 820
4348 821
4351 822
4354 823
4359 824
4360 825
4362 826
4380 827
4382 828
4392 829
4397 830
4400 831
4401 832
4409 833
4411 834
4413 835
4415 836
4416 837
4420 838
4442 839
4446 840
4452 841
4453 842
4456 843
4459 844
4466 845
4470 846
4474 847
4482 848
4485 849
4487 850
4488 851
4489 852
4493 853
4495 854
4497 855
4516 856
4537 857
4539 858
4540 859
4547 860
4551 861
4557 862
4570 863
4580 864
4583 865
4588 866
4591 867
4601 868
4615 869
4616 870
4618 871
4620 872
4634 873
4647 874
4652 875
4653 876
4665 877
4671 878
4674 879
4675 880
4689 881
4691 882
4696 883
4700 884
4703 885
4705 886
4707 887
4708 888
4720 889
4727 890
4729 891
4732 892
4733 893
4734 894
4735 895
4742 896
4743 897
4745 898
4747 899
4761 900
4763 901
4767 902
4768 903
4777 904
4779 905
4786 906
4788 907
4794 908
4799 909
4802 910
4803 911
4805 912
4807 913
4808 914
4814 915
4825 916
4829 917
4830 918
4833 919
4839 920
4846 921
4852 922
4859 923
4861 924
4864 925
4868 926
4873 927
4878 928
4882 929
4883 930
4884 931
4888 932
4900 933
4908 934
4918 935
4922 936
4923 937
4932 938
4942 939
4949 940
4956 941
4959 942
4961 943
4966 944
4969 945
4971 946
4979 947
4987 948
4995 949
5000 950
5002 951
5013 952
5017 953
5028 954
5033 955
5038 956
5040 957
5046 958
5063 959
5065 960
5072 961
5089 962
5090 963
5093 964
5094 965
5099 966
5100 967
5106 968
5118 969
5121 970
5131 971
5141 972
5151 973
5156 974
5168 975
5175 976
5183 977
5184 978
5189 979
5195 980
5199 981
5203 982
5208 983
5211 984
5226 985
5233 986
5237 987
5245 988
5247 989
5256 990
5260 991
5261 992
5274 993
5277 994
5279 995
5281 996
5285 997
5288 998
5290 999
5291 1000
5299 1001
5302 1002
5308 1003
5319 1004
5322 1005
5323 1006
5330 1007
5340 1008
5341 1009
5342 1010
5354 1011
5359 1012
5360 1013
5364 1014
5372 1015
5375 1016
5377 1017
5379 1018
5387 1019
5396 1020
5416 1021
5419 1022
5422 1023
5430 1024
5435 1025
5436 1026
5465 1027
5467 1028
5468 1029
5470 1030
5473 1031
5475 1032
5482 1033
5487 1034
5488 1035
5489 1036
5498 1037
5501 1038
5516 1039
5524 1040
5529 1041
5532 1042
5535 1043
5537 1044
5539 1045
5542 1046
5545 1047
5547 1048
5551 1049
5571 1050
5572 1051
5575 1052
5579 1053
5584 1054
5587 1055
5588 1056
5594 1057
5602 1058
5604 1059
5605 1060
5606 1061
5608 1062
5622 1063
5627 1064
5634 1065
5638 1066
5640 1067
5645 1068
5649 1069
5650 1070
5661 1071
5664 1072
5666 1073
5671 1074
5677 1075
5684 1076
5685 1077
5687 1078
5689 1079
5690 1080
5697 1081
5698 1082
5700 1083
5702 1084
5710 1085
5713 1086
5722 1087
5728 1088
5729 1089
5732 1090
5734 1091
5748 1092
5749 1093
5751 1094
5757 1095
5763 1096
5766 1097
5769 1098
5770 1099
5777 1100
5781 1101
5782 1102
5793 1103
5797 1104
5798 1105
5807 1106
5814 1107
5825 1108
5829 1109
5832 1110
5839 1111
5844 1112
5846 1113
5849 1114
5859 1115
5865 1116
5867 1117
5877 1118
5879 1119
5880 1120
5885 1121
5888 1122
5893 1123
5895 1124
5900 1125
5903 1126
5905 1127
5911 1128
5917 1129
5922 1130
5930 1131
5940 1132
5941 1133
5942 1134
5944 1135
5952 1136
5953 1137
5964 1138
5971 1139
5972 1140
5975 1141
5976 1142
5980 1143
5998 1144
6002 1145
6005 1146
6008 1147
6014 1148
6016 1149
6019 1150
6023 1151
6029 1152
6030 1153
6033 1154
6038 1155
6040 1156
6049 1157
6051 1158
6056 1159
6058 1160
6070 1161
6072 1162
6073 1163
6084 1164
6089 1165
6091 1166
6092 1167
6093 1168
6107 1169
6114 1170
6116 1171
6117 1172
6121 1173
6123 1174
6127 1175
6129 1176
6133 1177
6137 1178
6141 1179
6142 1180
6144 1181
6145 1182
6151 1183
6160 1184
6165 1185
6174 1186
6180 1187
6186 1188
6191 1189
6206 1190
6208 1191
6213 1192
6216 1193
6217 1194
6223 1195
6226 1196
6233 1197
6236 1198
6239 1199
6246 1200
6254 1201
6255 1202
6260 1203
6271 1204
6273 1205
6275 1206
6276 1207
6278 1208
6281 1209
6282 1210
6292 1211
6295 1212
6297 1213
6300 1214
6307 1215
6318 1216
6321 1217
6322 1218
6335 1219
6343 1220
6346 1221
6348 1222
6357 1223
6360 1224
6362 1225
6366 1226
6369 1227
6370 1228
6377 1229
6387 1230
6388 1231
6394 1232
6396 1233
6398 1234
6403 1235
6406 1236
6413 1237
6427 1238
6434 1239
6435 1240
6437 1241
6438 1242
6445 1243
6447 1244
6449 1245
6451 1246
6458 1247
6459 1248
6471 1249
6478 1250
6480 1251
6489 1252
6496 1253
6499 1254
6500 1255
6504 1256
6517 1257
6528 1258
6529 1259
6546 1260
6551 1261
6552 1262
6553 1263
6569 1264
6571 1265
6579 1266
6582 1267
6589 1268
6592 1269
6596 1270
6598 1271
6599 1272
6603 1273
6608 1274
6609 1275
6610 1276
6613 1277
6618 1278
6622 1279
6638 1280
6645 1281
6663 1282
6671 1283
6672 1284
6676 1285
6677 1286
6679 1287
6682 1288
6693 1289
6703 1290
6707 1291
6708 1292
6714 1293
6718 1294
6719 1295
6724 1296
6729 1297
6730 1298
6741 1299
6745 1300
6747 1301
6754 1302
6756 1303
6757 1304
6758 1305
6762 1306
6763 1307
6769 1308
6772 1309
6777 1310
6778 1311
6785 1312
6789 1313
6795 1314
6799 1315
6800 1316
6807 1317
6809 1318
6812 1319
6813 1320
6835 1321
6838 1322
6840 1323
6845 1324
6847 1325
6853 1326
6870 1327
6876 1328
6888 1329
6891 1330
6895 1331
6896 1332
6906 1333
6914 1334
6918 1335
6923 1336
6929 1337
6930 1338
6933 1339
6950 1340
6952 1341
6961 1342
6974 1343
6976 1344
6979 1345
6985 1346
6986 1347
7002 1348
7006 1349
7014 1350
7026 1351
7040 1352
7041 1353
7043 1354
7047 1355
7050 1356
7057 1357
7072 1358
7074 1359
7077 1360
7079 1361
7081 1362
7084 1363
7085 1364
7091 1365
7093 1366
7096 1367
7097 1368
7100 1369
7104 1370
7105 1371
7112 1372
7122 1373
7125 1374
7147 1375
7148 1376
7158 1377
7160 1378
7164 1379
7167 1380
7179 1381
7181 1382
7187 1383
7203 1384
7213 1385
7232 1386
7234 1387
7237 1388
7239 1389
7244 1390
7246 1391
7257 1392
7258 1393
7259 1394
7261 1395
7263 1396
7266 1397
7272 1398
7274 1399
7277 1400
7278 1401
7281 1402
7285 1403
7291 1404
7300 1405
7308 1406
7310 1407
7315 1408
7318 1409
7325 1410
7333 1411
7337 1412
7342 1413
7343 1414
7344 1415
7345 1416
7347 1417
7348 1418
7356 1419
7357 1420
7363 1421
7376 1422
7377 1423
7378 1424
7388 1425
7395 1426
7399 1427
7403 1428
7408 1429
7409 1430
7418 1431
7419 1432
7424 1433
7425 1434
7431 1435
7434 1436
7435 1437
7439 1438
7445 1439
7455 1440
7457 1441
7461 1442
7462 1443
7464 1444
7467 1445
7476 1446
7484 1447
7488 1448
7490 1449
7491 1450
7498 1451
7503 1452
7504 1453
7507 1454
7511 1455
7512 1456
7513 1457
7515 1458
7516 1459
7518 1460
7522 1461
7523 1462
7524 1463
7528 1464
7530 1465
7531 1466
7539 1467
7542 1468
7551 1469
7556 1470
7557 1471
7562 1472
7565 1473
7566 1474
7572 1475
7578 1476
7581 1477
7582 1478
7593 1479
7598 1480
7601 1481
7605 1482
7611 1483
7613 1484
7619 1485
7630 1486
7631 1487
7639 1488
7646 1489
7657 1490
7663 1491
7664 1492
7666 1493
7668 1494
7669 1495
7681 1496
7688 1497
7689 1498
7691 1499
7694 1500
7701 1501
7706 1502
7714 1503
7716 1504
7718 1505
7725 1506
7734 1507
7737 1508
7738 1509
7739 1510
7742 1511
7745 1512
7749 1513
7753 1514
7757 1515
7760 1516
7764 1517
7765 1518
7767 1519
7774 1520
7786 1521
7793 1522
7796 1523
7799 1524
7804 1525
7809 1526
7812 1527
7816 1528
7822 1529
7823 1530
7824 1531
7828 1532
7830 1533
7837 1534
7848 1535
7851 1536
7853 1537
7854 1538
7859 1539
7868 1540
7880 1541
7883 1542
7893 1543
7906 1544
7913 1545
7914 1546
7916 1547
7919 1548
7921 1549
7922 1550
7923 1551
7924 1552
7926 1553
7927 1554
7929 1555
7945 1556
7949 1557
7952 1558
7955 1559
7973 1560
7977 1561
7981 1562
7988 1563
7990 1564
7991 1565
8001 1566
8003 1567
8006 1568
8038 1569
8055 1570
8060 1571
8061 1572
8066 1573
8079 1574
8088 1575
8091 1576
8096 1577
8098 1578
8103 1579
8110 1580
8116 1581
8126 1582
8127 1583
8138 1584
8141 1585
8149 1586
8166 1587
8167 1588
8177 1589
8179 1590
8180 1591
8181 1592
8188 1593
8211 1594
8221 1595
8231 1596
8233 1597
8235 1598
8237 1599
8243 1600
8247 1601
8252 1602
8255 1603
8257 1604
8259 1605
8264 1606
8273 1607
8274 1608
8275 1609
8277 1610
8278 1611
8282 1612
8299 1613
8302 1614
8304 1615
8305 1616
8315 1617
8316 1618
8319 1619
8320 1620
8331 1621
8344 1622
8357 1623
8359 1624
8362 1625
8368 1626
8372 1627
8374 1628
8378 1629
8391 1630
8393 1631
8395 1632
8409 1633
8412 1634
8441 1635
8443 1636
8445 1637
8446 1638
8450 1639
8458 1640
8461 1641
8466 1642
8471 1643
8477 1644
8479 1645
8483 1646
8484 1647
8489 1648
8495 1649
8497 1650
8499 1651
8502 1652
8503 1653
8504 1654
8517 1655
8519 1656
8523 1657
8525 1658
8529 1659
8537 1660
8543 1661
8559 1662
8560 1663
8562 1664
8563 1665
8572 1666
8576 1667
8577 1668
8579 1669
8581 1670
8582 1671
8588 1672
8589 1673
8592 1674
8596 1675
8606 1676
8611 1677
8613 1678
8615 1679
8616 1680
8621 1681
8635 1682
8641 1683
8646 1684
8648 1685
8654 1686
8655 1687
8656 1688
8658 1689
8667 1690
8673 1691
8675 1692
8683 1693
8684 1694
8685 1695
8687 1696
8691 1697
8697 1698
8704 1699
8706 1700
8715 1701
8716 1702
8718 1703
8734 1704
8742 1705
8760 1706
8761 1707
8762 1708
8763 1709
8765 1710
8766 1711
8771 1712
8773 1713
8790 1714
8796 1715
8801 1716
8804 1717
8805 1718
8813 1719
8816 1720
8828 1721
8841 1722
8843 1723
8850 1724
8855 1725
8866 1726
8873 1727
8875 1728
8879 1729
8880 1730
8887 1731
8888 1732
8896 1733
8902 1734
8918 1735
8919 1736
8920 1737
8928 1738
8929 1739
8930 1740
8932 1741
8936 1742
8939 1743
8944 1744
8945 1745
8947 1746
8949 1747
8953 1748
8955 1749
8956 1750
8960 1751
8961 1752
8964 1753
8970 1754
8974 1755
8982 1756
8986 1757
8987 1758
8989 1759
9007 1760
9018 1761
9020 1762
9037 1763
9046 1764
9048 1765
9053 1766
9057 1767
9059 1768
9060 1769
9063 1770
9082 1771
9090 1772
9093 1773
9106 1774
9110 1775
9112 1776
9115 1777
9116 1778
9124 1779
9125 1780
9128 1781
9130 1782
9134 1783
9135 1784
9161 1785
9167 1786
9168 1787
9172 1788
9175 1789
9183 1790
9188 1791
9192 1792
9214 1793
9223 1794
9234 1795
9236 1796
9237 1797
9238 1798
9255 1799
9262 1800
9264 1801
9276 1802
9281 1803
9283 1804
9288 1805
9291 1806
9294 1807
9298 1808
9306 1809
9307 1810
9308 1811
9314 1812
9322 1813
9348 1814
9350 1815
9358 1816
9360 1817
9361 1818
9369 1819
9374 1820
9381 1821
9383 1822
9384 1823
9388 1824
9390 1825
9397 1826
9401 1827
9405 1828
9407 1829
9412 1830
9413 1831
9414 1832
9415 1833
9421 1834
9431 1835
9433 1836
9434 1837
9442 1838
9445 1839
9447 1840
9448 1841
9451 1842
9461 1843
9475 1844
9480 1845
9482 1846
9485 1847
9489 1848
9490 1849
9491 1850
9498 1851
9501 1852
9502 1853
9503 1854
9504 1855
9512 1856
9527 1857
9537 1858
9538 1859
9539 1860
9541 1861
9544 1862
9551 1863
9557 1864
9560 1865
9575 1866
9576 1867
9602 1868
9605 1869
9608 1870
9611 1871
9612 1872
9615 1873
9620 1874
9635 1875
9638 1876
9642 1877
9646 1878
9648 1879
9656 1880
9663 1881
9666 1882
9667 1883
9674 1884
9688 1885
9692 1886
9707 1887
9715 1888
9721 1889
9722 1890
9724 1891
9726 1892
9728 1893
9741 1894
9757 1895
9764 1896
9770 1897
9777 1898
9780 1899
9782 1900
9783 1901
9786 1902
9790 1903
9791 1904
9792 1905
9793 1906
9794 1907
9798 1908
9799 1909
9804 1910
9805 1911
9807 1912
9811 1913
9814 1914
9816 1915
9828 1916
9829 1917
9833 1918
9835 1919
9837 1920
9838 1921
9851 1922
9860 1923
9864 1924
9871 1925
9877 1926
9885 1927
9889 1928
9906 1929
9910 1930
9911 1931
9912 1932
9930 1933
9932 1934
9935 1935
9936 1936
9941 1937
9942 1938
9946 1939
9948 1940
9951 1941
9964 1942
9969 1943
9974 1944
9975 1945
9976 1946
9988 1947
9991 1948
9995 1949
9997 1950
10001 1951
10008 1952
10012 1953
10016 1954
10022 1955
10026 1956
10027 1957
10030 1958
10034 1959
10058 1960
10059 1961
10062 1962
10069 1963
10072 1964
10078 1965
10094 1966
10107 1967
10111 1968
10112 1969
10114 1970
10115 1971
10120 1972
10126 1973
10139 1974
10146 1975
10151 1976
10155 1977
10174 1978
10186 1979
10193 1980
10196 1981
10212 1982
10216 1983
10219 1984
10223 1985
10249 1986
10250 1987
10258 1988
10270 1989
10281 1990
10287 1991
10290 1992
10302 1993
10316 1994
10318 1995
10328 1996
10334 1997
10356 1998
10357 1999
10360 2000
10365 2001
10368 2002
10381 2003
10392 2004
10394 2005
10399 2006
10408 2007
10427 2008
10433 2009
10438 2010
10448 2011
10450 2012
10472 2013
10475 2014
10478 2015
10481 2016
10483 2017
10493 2018
10503 2019
10509 2020
10514 2021
10519 2022
10525 2023
10535 2024
10544 2025
10546 2026
10550 2027
10551 2028
10554 2029
10561 2030
10568 2031
10572 2032
10573 2033
10579 2034
10580 2035
10584 2036
10587 2037
10598 2038
10604 2039
10611 2040
10613 2041
10617 2042
10620 2043
10623 2044
10624 2045
10632 2046
10637 2047
10647 2048
10650 2049
10654 2050
10665 2051
10673 2052
10681 2053
10683 2054
10695 2055
10699 2056
10705 2057
10706 2058
10708 2059
10713 2060
10723 2061
10724 2062
10745 2063
10747 2064
10749 2065
10753 2066
10755 2067
10756 2068
10758 2069
10759 2070
10761 2071
10764 2072
10766 2073
10783 2074
10784 2075
10787 2076
10792 2077
10798 2078
10800 2079
10804 2080
10810 2081
10816 2082
10817 2083
10822 2084
10823 2085
10831 2086
10832 2087
10835 2088
10836 2089
10843 2090
10846 2091
10850 2092
10871 2093
10872 2094
10876 2095
10877 2096
10881 2097
10886 2098
10894 2099
10895 2100
10896 2101
10897 2102
10899 2103
10907 2104
10909 2105
10910 2106
10911 2107
10917 2108
10923 2109
10929 2110
10930 2111
10933 2112
10936 2113
10949 2114
10954 2115
10957 2116
10965 2117
10973 2118
10983 2119
10986 2120
10989 2121
10998 2122
11004 2123
11008 2124
11011 2125
11015 2126
11017 2127
11027 2128
11033 2129
11034 2130
11043 2131
11046 2132
11048 2133
11058 2134
11065 2135
11071 2136
11074 2137
11080 2138
11081 2139
11087 2140
11089 2141
11095 2142
11097 2143
11099 2144
11101 2145
11102 2146
11104 2147
11108 2148
11116 2149
11120 2150
11125 2151
11136 2152
11138 2153
11139 2154
11144 2155
11148 2156
11150 2157
11166 2158
11168 2159
11182 2160
11183 2161
11184 2162
11185 2163
11186 2164
11199 2165
11202 2166
11204 2167
11212 2168
11213 2169
11214 2170
11216 2171
11220 2172
11224 2173
11225 2174
11263 2175
11265 2176
11268 2177
11271 2178
11273 2179
11276 2180
11280 2181
11286 2182
11290 2183
11291 2184
11310 2185
11323 2186
11326 2187
11329 2188
11332 2189
11338 2190
11352 2191
11354 2192
11355 2193
11359 2194
11369 2195
11372 2196
11373 2197
11375 2198
11379 2199
11385 2200
11393 2201
11399 2202
11409 2203
11414 2204
11417 2205
11418 2206
11424 2207
11435 2208
11440 2209
11441 2210
11443 2211
11445 2212
11449 2213
11450 2214
11468 2215
11469 2216
11473 2217
11481 2218
11486 2219
11492 2220
11502 2221
11503 2222
11504 2223
11505 2224
11512 2225
11514 2226
11515 2227
11516 2228
11517 2229
11519 2230
11520 2231
11527 2232
11534 2233
11535 2234
11550 2235
11551 2236
11554 2237
11560 2238
11566 2239
11568 2240
11571 2241
11578 2242
11587 2243
11591 2244
11596 2245
11600 2246
11611 2247
11634 2248
11638 2249
11639 2250
11640 2251
11642 2252
11644 2253
11652 2254
11655 2255
11656 2256
11661 2257
11666 2258
11667 2259
11671 2260
11680 2261
11684 2262
11687 2263
11696 2264
11698 2265
11699 2266
11701 2267
11709 2268
11710 2269
11712 2270
11714 2271
11723 2272
11728 2273
11729 2274
11743 2275
11752 2276
11754 2277
11762 2278
11766 2279
11767 2280
11768 2281
11769 2282
11774 2283
11779 2284
11786 2285
11789 2286
11803 2287
11809 2288
11813 2289
11816 2290
11818 2291
11819 2292
11822 2293
11830 2294
11836 2295
11839 2296
11844 2297
11845 2298
11851 2299
11857 2300
11868 2301
11869 2302
11874 2303
11877 2304
11891 2305
11896 2306
11899 2307
11900 2308
11904 2309
11908 2310
11915 2311
11918 2312
11920 2313
11925 2314
11928 2315
11936 2316
11938 2317
11940 2318
11949 2319
11953 2320
11955 2321
11959 2322
11962 2323
11964 2324
11974 2325
11979 2326
11980 2327
11983 2328
11984 2329
11986 2330
12003 2331
12005 2332
12030 2333
12035 2334
12037 2335
12060 2336
12071 2337
12087 2338
12088 2339
12094 2340
12097 2341
12099 2342
12105 2343
12111 2344
12112 2345
12115 2346
12119 2347
12121 2348
12122 2349
12125 2350
12126 2351
12129 2352
12132 2353
12133 2354
12137 2355
12145 2356
12146 2357
12148 2358
12154 2359
12156 2360
12160 2361
12161 2362
12164 2363
12172 2364
12173 2365
12176 2366
12182 2367
12184 2368
12196 2369
12198 2370
12206 2371
12212 2372
12214 2373
12224 2374
12225 2375
12226 2376
12228 2377
12229 2378
12231 2379
12241 2380
12248 2381
12250 2382
12263 2383
12264 2384
12266 2385
12275 2386
12276 2387
12277 2388
12287 2389
12289 2390
12294 2391
12302 2392
12303 2393
12316 2394
12319 2395
12320 2396
12328 2397
12341 2398
12342 2399
12344 2400
12348 2401
12350 2402
12357 2403
12377 2404
12386 2405
12388 2406
12392 2407
12395 2408
12397 2409
12403 2410
12412 2411
12422 2412
12427 2413
12430 2414
12431 2415
12436 2416
12448 2417
12455 2418
12456 2419
12465 2420
12466 2421
12479 2422
12484 2423
12486 2424
12491 2425
12501 2426
12510 2427
12514 2428
12515 2429
12519 2430
12527 2431
12533 2432
12540 2433
12543 2434
12554 2435
12557 2436
12559 2437
12567 2438
12569 2439
12571 2440
12577 2441
12584 2442
12586 2443
12592 2444
12594 2445
12603 2446
12620 2447
12621 2448
12627 2449
12631 2450
12641 2451
12643 2452
12648 2453
12649 2454
12666 2455
12668 2456
12674 2457
12676 2458
12690 2459
12701 2460
12702 2461
12704 2462
12708 2463
12709 2464
12721 2465
12730 2466
12731 2467
12732 2468
12734 2469
12740 2470
12742 2471
12756 2472
12758 2473
12759 2474
12767 2475
12774 2476
12781 2477
12787 2478
12788 2479
12791 2480
12813 2481
12817 2482
12826 2483
12838 2484
12846 2485
12848 2486
12853 2487
12854 2488
12856 2489
12859 2490
12861 2491
12862 2492
12863 2493
12864 2494
12866 2495
12867 2496
12868 2497
12875 2498
12877 2499
12884 2500
12886 2501
12889 2502
12892 2503
12893 2504
12898 2505
12900 2506
12904 2507
12908 2508
12909 2509
12913 2510
12914 2511
12918 2512
12922 2513
12926 2514
12939 2515
12954 2516
12961 2517
12962 2518
12971 2519
12984 2520
12986 2521
12987 2522
12992 2523
12998 2524
13000 2525
13003 2526
13004 2527
13005 2528
13007 2529
13018 2530
13021 2531
13023 2532
13029 2533
13032 2534
13046 2535
13058 2536
13062 2537
13065 2538
13070 2539
13071 2540
13091 2541
13098 2542
13102 2543
13103 2544
13104 2545
13114 2546
13118 2547
13123 2548
13124 2549
13145 2550
13149 2551
13153 2552
13161 2553
13162 2554
13165 2555
13170 2556
13171 2557
13196 2558
13204 2559
13218 2560
13221 2561
13223 2562
13233 2563
13243 2564
13247 2565
13250 2566
13258 2567
13259 2568
13263 2569
13277 2570
13279 2571
13283 2572
13286 2573
13294 2574
13296 2575
13302 2576
13303 2577
13306 2578
13310 2579
13317 2580
13321 2581
13323 2582
13325 2583
13331 2584
13342 2585
13345 2586
13347 2587
13354 2588
13356 2589
13359 2590
13360 2591
13361 2592
13367 2593
13368 2594
13383 2595
13390 2596
13397 2597
13400 2598
13403 2599
13404 2600
13406 2601
13407 2602
13409 2603
13410 2604
13412 2605
13420 2606
13431 2607
13432 2608
13441 2609
13448 2610
13462 2611
13469 2612
13476 2613
13479 2614
13484 2615
13488 2616
13490 2617
13498 2618
13500 2619
13502 2620
13505 2621
13512 2622
13515 2623
13516 2624
13517 2625
13521 2626
13522 2627
13528 2628
13531 2629
13532 2630
13533 2631
13534 2632
13537 2633
13538 2634
13552 2635
13558 2636
13561 2637
13570 2638
13571 2639
13572 2640
13580 2641
13584 2642
13590 2643
13593 2644
13598 2645
13599 2646
13604 2647
13607 2648
13615 2649
13619 2650
13620 2651
13622 2652
13630 2653
13631 2654
13636 2655
13639 2656
13644 2657
13655 2658
13656 2659
13662 2660
13675 2661
13682 2662
13689 2663
13690 2664
13702 2665
13703 2666
13718 2667
13719 2668
13723 2669
13725 2670
13738 2671
13747 2672
13755 2673
13761 2674
13764 2675
13767 2676
13771 2677
13773 2678
13777 2679
13778 2680
13781 2681
13785 2682
13790 2683
13793 2684
13804 2685
13808 2686
13810 2687
13816 2688
13817 2689
13822 2690
13823 2691
13828 2692
13829 2693
13832 2694
13835 2695
13839 2696
13855 2697
13859 2698
13860 2699
13865 2700
13876 2701
13878 2702
13890 2703
13892 2704
13897 2705
13904 2706
13912 2707
13925 2708
13927 2709
13928 2710
13935 2711
13951 2712
13957 2713
13963 2714
13967 2715
13969 2716
13971 2717
13972 2718
13979 2719
13980 2720
13984 2721
13987 2722
13990 2723
13992 2724
14000 2725
14002 2726
14003 2727
14006 2728
14010 2729
14015 2730
14019 2731
14020 2732
14021 2733
14024 2734
14026 2735
14027 2736
14028 2737
14030 2738
14045 2739
14058 2740
14061 2741
14062 2742
14073 2743
14075 2744
14082 2745
14083 2746
14085 2747
14086 2748
14091 2749
14092 2750
14096 2751
14099 2752
14103 2753
14116 2754
14119 2755
14121 2756
14123 2757
14126 2758
14127 2759
14142 2760
14148 2761
14151 2762
14157 2763
14164 2764
14168 2765
14170 2766
14171 2767
14175 2768
14178 2769
14182 2770
14198 2771
14200 2772
14202 2773
14207 2774
14209 2775
14221 2776
14225 2777
14229 2778
14230 2779
14243 2780
14251 2781
14256 2782
14257 2783
14264 2784
14268 2785
14280 2786
14282 2787
14283 2788
14284 2789
14287 2790
14292 2791
14293 2792
14297 2793
14302 2794
14303 2795
14309 2796
14311 2797
14318 2798
14321 2799
14323 2800
14325 2801
14341 2802
14344 2803
14345 2804
14352 2805
14353 2806
14354 2807
14355 2808
14356 2809
14362 2810
14363 2811
14374 2812
14375 2813
14376 2814
14381 2815
14384 2816
14386 2817
14393 2818
14398 2819
14399 2820
14403 2821
14405 2822
14414 2823
14419 2824
14425 2825
14426 2826
14431 2827
14438 2828
14441 2829
14443 2830
14444 2831
14459 2832
14460 2833
14461 2834
14466 2835
14467 2836
14471 2837
14472 2838
14473 2839
14479 2840
14488 2841
14492 2842
14494 2843
14498 2844
14508 2845
14511 2846
14513 2847
14516 2848
14522 2849
14536 2850
14544 2851
14550 2852
14553 2853
14554 2854
14556 2855
14557 2856
14559 2857
14562 2858
14572 2859
14579 2860
14588 2861
14592 2862
14602 2863
14603 2864
14606 2865
14610 2866
14615 2867
14620 2868
14622 2869
14634 2870
14636 2871
14644 2872
14646 2873
14648 2874
14653 2875
14667 2876
14672 2877
14674 2878
14677 2879
14684 2880
14693 2881
14698 2882
14700 2883
14701 2884
14703 2885
14718 2886
14721 2887
14728 2888
14732 2889
14741 2890
14742 2891
14745 2892
14747 2893
14751 2894
14752 2895
14753 2896
14756 2897
14760 2898
14764 2899
14767 2900
14771 2901
14785 2902
14790 2903
14801 2904
14806 2905
14814 2906
14816 2907
14819 2908
14823 2909
14840 2910
14847 2911
14855 2912
14856 2913
14857 2914
14861 2915
14870 2916
14873 2917
14874 2918
14890 2919
14892 2920
14897 2921
14908 2922
14918 2923
14919 2924
14928 2925
14929 2926
14943 2927
14946 2928
14958 2929
14962 2930
14969 2931
14972 2932
14973 2933
14978 2934
14979 2935
14983 2936
14986 2937
14998 2938
15008 2939
15011 2940
15025 2941
15028 2942
15035 2943
15043 2944
15046 2945
15048 2946
15057 2947
15058 2948
15059 2949
15060 2950
15066 2951
15068 2952
15069 2953
15072 2954
15074 2955
15076 2956
15084 2957
15085 2958
15087 2959
15092 2960
15096 2961
15098 2962
15102 2963
15104 2964
15120 2965
15125 2966
15132 2967
15133 2968
15137 2969
15138 2970
15142 2971
15144 2972
15151 2973
15161 2974
15168 2975
15170 2976
15171 2977
15189 2978
15194 2979
15197 2980
15200 2981
15203 2982
15205 2983
15216 2984
15219 2985
15222 2986
15227 2987
15230 2988
15232 2989
15234 2990
15238 2991
15243 2992
15247 2993
15253 2994
15260 2995
15264 2996
15273 2997
15281 2998
15282 2999
15297 3000
15313 3001
15323 3002
15328 3003
15331 3004
15347 3005
15349 3006
15350 3007
15359 3008
15360 3009
15364 3010
15380 3011
15381 3012
15387 3013
15391 3014
15395 3015
15396 3016
15407 3017
15411 3018
15415 3019
15416 3020
15417 3021
15421 3022
15429 3023
15441 3024
15443 3025
15446 3026
15453 3027
15459 3028
15465 3029
15468 3030
15470 3031
15477 3032
15485 3033
15495 3034
15506 3035
15516 3036
15519 3037
15529 3038
15533 3039
15539 3040
15540 3041
15541 3042
15542 3043
15545 3044
15546 3045
15551 3046
15557 3047
15559 3048
15566 3049
15567 3050
15570 3051
15574 3052
15582 3053
15591 3054
15594 3055
15598 3056
15605 3057
15609 3058
15610 3059
15613 3060
15622 3061
15634 3062
15635 3063
15636 3064
15652 3065
15653 3066
15657 3067
15661 3068
15671 3069
15672 3070
15673 3071
15679 3072
15684 3073
15685 3074
15686 3075
15688 3076
15693 3077
15694 3078
15698 3079
15700 3080
15705 3081
15709 3082
15710 3083
15723 3084
15725 3085
15729 3086
15750 3087
15751 3088
15756 3089
15760 3090
15762 3091
15765 3092
15769 3093
15774 3094
15776 3095
15781 3096
15793 3097
15804 3098
15805 3099
15812 3100
15813 3101
15814 3102
15822 3103
15826 3104
15827 3105
15829 3106
15831 3107
15836 3108
15838 3109
15840 3110
15852 3111
15854 3112
15855 3113
15856 3114
15858 3115
15867 3116
15869 3117
15874 3118
15875 3119
15876 3120
15881 3121
15883 3122
15886 3123
15888 3124
15897 3125
15910 3126
15918 3127
15924 3128
15931 3129
15933 3130
15934 3131
15936 3132
15939 3133
15944 3134
15945 3135
15947 3136
15955 3137
15961 3138
15964 3139
15966 3140
15968 3141
15988 3142
15994 3143
15998 3144
15999 3145
16004 3146
16006 3147
16019 3148
16027 3149
16028 3150
16033 3151
16041 3152
16043 3153
16051 3154
16052 3155
16053 3156
16054 3157
16060 3158
16062 3159
16063 3160
16064 3161
16066 3162
16070 3163
16071 3164
16072 3165
16074 3166
16084 3167
16085 3168
16086 3169
16089 3170
16093 3171
16125 3172
16133 3173
16137 3174
16138 3175
16140 3176
16143 3177
16146 3178
16148 3179
16149 3180
16157 3181
16161 3182
16168 3183
16179 3184
16183 3185
16188 3186
16196 3187
16198 3188
16201 3189
16203 3190
16234 3191
16240 3192
16242 3193
16247 3194
16254 3195
16255 3196
16257 3197
16263 3198
16264 3199
16266 3200
16270 3201
16274 3202
16289 3203
16290 3204
16292 3205
16293 3206
16294 3207
16296 3208
16306 3209
16308 3210
16313 3211
16319 3212
16327 3213
16345 3214
16347 3215
16355 3216
16356 3217
16357 3218
16363 3219
16365 3220
16367 3221
16376 3222
16379 3223
16380 3224
16385 3225
16395 3226
16402 3227
16414 3228
16416 3229
16419 3230
16428 3231
16435 3232
16436 3233
16440 3234
16450 3235
16451 3236
16455 3237
16457 3238
16464 3239
16466 3240
16472 3241
16474 3242
16487 3243
16489 3244
16503 3245
16506 3246
16511 3247
16514 3248
16532 3249
16535 3250
16548 3251
16553 3252
16554 3253
16555 3254
16557 3255
16558 3256
16565 3257
16566 3258
16568 3259
16572 3260
16578 3261
16583 3262
16585 3263
16595 3264
16596 3265
16598 3266
16605 3267
16612 3268
16614 3269
16622 3270
16625 3271
16626 3272
16629 3273
16630 3274
16631 3275
16633 3276
16636 3277
16638 3278
16654 3279
16655 3280
16656 3281
16662 3282
16663 3283
16664 3284
16666 3285
16667 3286
16668 3287
16671 3288
16674 3289
16683 3290
16687 3291
16689 3292
16692 3293
16693 3294
16695 3295
16698 3296
16717 3297
16719 3298
16726 3299
16740 3300
16744 3301
16747 3302
16763 3303
16767 3304
16776 3305
16783 3306
16784 3307
16789 3308
16791 3309
16793 3310
16795 3311
16807 3312
16822 3313
16823 3314
16831 3315
16838 3316
16852 3317
16855 3318
16857 3319
16865 3320
16866 3321
16875 3322
16878 3323
16884 3324
16885 3325
16891 3326
16893 3327
16895 3328
16900 3329
16901 3330
16906 3331
16910 3332
16911 3333
16912 3334
16922 3335
16931 3336
16935 3337
16936 3338
16943 3339
16958 3340
16963 3341
16975 3342
16979 3343
16981 3344
16985 3345
16988 3346
17001 3347
17003 3348
17006 3349
17007 3350
17015 3351
17017 3352
17022 3353
17033 3354
17035 3355
17050 3356
17055 3357
17060 3358
17062 3359
17076 3360
17082 3361
17085 3362
17087 3363
17088 3364
17091 3365
17096 3366
17099 3367
17102 3368
17107 3369
17115 3370
17118 3371
17129 3372
17130 3373
17140 3374
17145 3375
17146 3376
17147 3377
17148 3378
17162 3379
17169 3380
17171 3381
17174 3382
17177 3383
17180 3384
17184 3385
17185 3386
17188 3387
17189 3388
17191 3389
17192 3390
17202 3391
17206 3392
17211 3393
17224 3394
17225 3395
17226 3396
17231 3397
17234 3398
17235 3399
17255 3400
17256 3401
17257 3402
17269 3403
17276 3404
17283 3405
17300 3406
17301 3407
17308 3408
17315 3409
17316 3410
17317 3411
17321 3412
17322 3413
17325 3414
17329 3415
17333 3416
17335 3417
17339 3418
17344 3419
17352 3420
17360 3421
17374 3422
17384 3423
17391 3424
17393 3425
17398 3426
17402 3427
17404 3428
17412 3429
17414 3430
17416 3431
17419 3432
17420 3433
17432 3434
17437 3435
17438 3436
17445 3437
17455 3438
17456 3439
17459 3440
17461 3441
17471 3442
17473 3443
17475 3444
17480 3445
17481 3446
17483 3447
17487 3448
17497 3449
17498 3450
17501 3451
17503 3452
17504 3453
17505 3454
17510 3455
17511 3456
17523 3457
17532 3458
17539 3459
17542 3460
17551 3461
17558 3462
17562 3463
17565 3464
17568 3465
17583 3466
17595 3467
17612 3468
17613 3469
17617 3470
17618 3471
17624 3472
17625 3473
17640 3474
17641 3475
17644 3476
17649 3477
17659 3478
17660 3479
17661 3480
17662 3481
17670 3482
17673 3483
17677 3484
17678 3485
17679 3486
17683 3487
17686 3488
17689 3489
17692 3490
17693 3491
17697 3492
17700 3493
17706 3494
17707 3495
17721 3496
17726 3497
17728 3498
17731 3499
17734 3500
17754 3501
17755 3502
17762 3503
17764 3504
17765 3505
17766 3506
17770 3507
17787 3508
17791 3509
17797 3510
17798 3511
17814 3512
17818 3513
17825 3514
17828 3515
17830 3516
17833 3517
17837 3518
17840 3519
17845 3520
17846 3521
17853 3522
17857 3523
17868 3524
17869 3525
17874 3526
17882 3527
17883 3528
17886 3529
17887 3530
17897 3531
17904 3532
17910 3533
17911 3534
17919 3535
17928 3536
17932 3537
17943 3538
17954 3539
17957 3540
17961 3541
17970 3542
17971 3543
17973 3544
17979 3545
17980 3546
17983 3547
17985 3548
17987 3549
17988 3550
17989 3551
17993 3552
17999 3553
18000 3554
18002 3555
18003 3556
18008 3557
18012 3558
18027 3559
18037 3560
18038 3561
18057 3562
18060 3563
18063 3564
18067 3565
18070 3566
18072 3567
18074 3568
18082 3569
18087 3570
18088 3571
18090 3572
18093 3573
18098 3574
18103 3575
18104 3576
18105 3577
18107 3578
18112 3579
18115 3580
18121 3581
18122 3582
18131 3583
18133 3584
18147 3585
18148 3586
18157 3587
18161 3588
18162 3589
18164 3590
18167 3591
18174 3592
18180 3593
18185 3594
18198 3595
18206 3596
18208 3597
18210 3598
18212 3599
18229 3600
18233 3601
18239 3602
18250 3603
18259 3604
18265 3605
18269 3606
18271 3607
18273 3608
18275 3609
18279 3610
18284 3611
18287 3612
18288 3613
18290 3614
18302 3615
18306 3616
18310 3617
18311 3618
18319 3619
18329 3620
18334 3621
18338 3622
18341 3623
18346 3624
18351 3625
18363 3626
18364 3627
18365 3628
18370 3629
18372 3630
18379 3631
18390 3632
18392 3633
18393 3634
18395 3635
18396 3636
18397 3637
18409 3638
18415 3639
18437 3640
18440 3641
18450 3642
18454 3643
18461 3644
18463 3645
18464 3646
18465 3647
18473 3648
18490 3649
18491 3650
18492 3651
18494 3652
18495 3653
18497 3654
18500 3655
18509 3656
18513 3657
18518 3658
18523 3659
18527 3660
18535 3661
18537 3662
18543 3663
18546 3664
18549 3665
18554 3666
18560 3667
18568 3668
18574 3669
18575 3670
18580 3671
18585 3672
18586 3673
18593 3674
18598 3675
18601 3676
18619 3677
18626 3678
18627 3679
18630 3680
18638 3681
18645 3682
18649 3683
18653 3684
18659 3685
18671 3686
18695 3687
18696 3688
18698 3689
18699 3690
18700 3691
18711 3692
18712 3693
18713 3694
18715 3695
18719 3696
18721 3697
18727 3698
18731 3699
18740 3700
18743 3701
18747 3702
18754 3703
18756 3704
18763 3705
18798 3706
18799 3707
18802 3708
18808 3709
18814 3710
18818 3711
18823 3712
18825 3713
18826 3714
18834 3715
18841 3716
18843 3717
18847 3718
18848 3719
18851 3720
18858 3721
18863 3722
18865 3723
18871 3724
18888 3725
18889 3726
18895 3727
18900 3728
18908 3729
18910 3730
18911 3731
18914 3732
18917 3733
18921 3734
18924 3735
18926 3736
18943 3737
18951 3738
18953 3739
18955 3740
18959 3741
18961 3742
18965 3743
18975 3744
18981 3745
18999 3746
19002 3747
19006 3748
19008 3749
19013 3750
19024 3751
19042 3752
19049 3753
19072 3754
19080 3755
19083 3756
19084 3757
19086 3758
19093 3759
19109 3760
19120 3761
19122 3762
19130 3763
19133 3764
19134 3765
19138 3766
19147 3767
19151 3768
19153 3769
19166 3770
19169 3771
19173 3772
19193 3773
19197 3774
19200 3775
19216 3776
19220 3777
19226 3778
19240 3779
19241 3780
19245 3781
19246 3782
19248 3783
19256 3784
19268 3785
19271 3786
19276 3787
19278 3788
19279 3789
19286 3790
19291 3791
19299 3792
19305 3793
19306 3794
19310 3795
19311 3796
19314 3797
19317 3798
19323 3799
19324 3800
19329 3801
19340 3802
19344 3803
19345 3804
19349 3805
19352 3806
19360 3807
19368 3808
19372 3809
19373 3810
19379 3811
19380 3812
19382 3813
19389 3814
19391 3815
19402 3816
19405 3817
19414 3818
19422 3819
19425 3820
19426 3821
19428 3822
19435 3823
19436 3824
19438 3825
19441 3826
19448 3827
19449 3828
19453 3829
19462 3830
19472 3831
19473 3832
19474 3833
19476 3834
19482 3835
19484 3836
19491 3837
19493 3838
19497 3839
19504 3840
19514 3841
19515 3842
19517 3843
19519 3844
19522 3845
19523 3846
19525 3847
19543 3848
19548 3849
19549 3850
19552 3851
19554 3852
19556 3853
19558 3854
19574 3855
19589 3856
19591 3857
19592 3858
19607 3859
19608 3860
19611 3861
19619 3862
19622 3863
19624 3864
19627 3865
19636 3866
19637 3867
19643 3868
19649 3869
19651 3870
19663 3871
19667 3872
19675 3873
19678 3874
19693 3875
19696 3876
19698 3877
19700 3878
19701 3879
19713 3880
19715 3881
19722 3882
19734 3883
19738 3884
19739 3885
19747 3886
19764 3887
19769 3888
19770 3889
19779 3890
19787 3891
19792 3892
19797 3893
19801 3894
19803 3895
19806 3896
19817 3897
19819 3898
19823 3899
19824 3900
19825 3901
19830 3902
19831 3903
19835 3904
19838 3905
19839 3906
19840 3907
19842 3908
19854 3909
19855 3910
19864 3911
19868 3912
19880 3913
19882 3914
19884 3915
19889 3916
19890 3917
19906 3918
19916 3919
19917 3920
19930 3921
19932 3922
19939 3923
19948 3924
19949 3925
19958 3926
19960 3927
19963 3928
19967 3929
19968 3930
19977 3931
19990 3932
19992 3933
19993 3934
19999 3935
20000 3936
20020 3937
20022 3938
20027 3939
20030 3940
20035 3941
20039 3942
20040 3943
20050 3944
20053 3945
20064 3946
20071 3947
20077 3948
20083 3949
20086 3950
20087 3951
20100 3952
20102 3953
20106 3954
20107 3955
20108 3956
20114 3957
20123 3958
20127 3959
20129 3960
20136 3961
20139 3962
20148 3963
20149 3964
20154 3965
20163 3966
20164 3967
20166 3968
20176 3969
20181 3970
20183 3971
20184 3972
20188 3973
20190 3974
20192 3975
20206 3976
20207 3977
20208 3978
20219 3979
20224 3980
20233 3981
20234 3982
20242 3983
20247 3984
20253 3985
20258 3986
20263 3987
20265 3988
20269 3989
20272 3990
20274 3991
20278 3992
20284 3993
20296 3994
20300 3995
20309 3996
20310 3997
20314 3998
20322 3999
20323 4000
20324 4001
20327 4002
20328 4003
20329 4004
20330 4005
20333 4006
20338 4007
20347 4008
20377 4009
20382 4010
20385 4011
20387 4012
20388 4013
20390 4014
20394 4015
20395 4016
20397 4017
20401 4018
20403 4019
20404 4020
20405 4021
20414 4022
20422 4023
20433 4024
20441 4025
20446 4026
20448 4027
20451 4028
20455 4029
20460 4030
20463 4031
20464 4032
20468 4033
20474 4034
20477 4035
20490 4036
20492 4037
20497 4038
20501 4039
20515 4040
20517 4041
20531 4042
20537 4043
20539 4044
20540 4045
20541 4046
20561 4047
20566 4048
20567 4049
20576 4050
20581 4051
20582 4052
20585 4053
20586 4054
20588 4055
20589 4056
20592 4057
20594 4058
20596 4059
20610 4060
20611 4061
20613 4062
20615 4063
20617 4064
20621 4065
20623 4066
20625 4067
20634 4068
20638 4069
20642 4070
20658 4071
20660 4072
20661 4073
20671 4074
20681 4075
20690 4076
20691 4077
20693 4078
20698 4079
20700 4080
20711 4081
20712 4082
20713 4083
20715 4084
20716 4085
20718 4086
20726 4087
20728 4088
20732 4089
20733 4090
20740 4091
20748 4092
20751 4093
20754 4094
20758 4095
20764 4096
20766 4097
20772 4098
20783 4099
20788 4100
20792 4101
20793 4102
20797 4103
20801 4104
20804 4105
20805 4106
20816 4107
20826 4108
20827 4109
20834 4110
20837 4111
20838 4112
20839 4113
20860 4114
20861 4115
20864 4116
20869 4117
20873 4118
20878 4119
20880 4120
20881 4121
20884 4122
20893 4123
20894 4124
20895 4125
20904 4126
20908 4127
20911 4128
20921 4129
20923 4130
20927 4131
20930 4132
20931 4133
20941 4134
20944 4135
20947 4136
20950 4137
20952 4138
20959 4139
20960 4140
20970 4141
20973 4142
20978 4143
20981 4144
20982 4145
20991 4146
21019 4147
21025 4148
21030 4149
21033 4150
21035 4151
21038 4152
21039 4153
21048 4154
21050 4155
21053 4156
21059 4157
21063 4158
21064 4159
21088 4160
21096 4161
21102 4162
21111 4163
21117 4164
21120 4165
21123 4166
21132 4167
21144 4168
21146 4169
21150 4170
21152 4171
21154 4172
21158 4173
21161 4174
21162 4175
21166 4176
21167 4177
21172 4178
21173 4179
21182 4180
21184 4181
21187 4182
21188 4183
21193 4184
21196 4185
21199 4186
21207 4187
21208 4188
21210 4189
21220 4190
21226 4191
21227 4192
21229 4193
21230 4194
21239 4195
21241 4196
21244 4197
21251 4198
21255 4199
21257 4200
21262 4201
21274 4202
21275 4203
21284 4204
21288 4205
21289 4206
21295 4207
21314 4208
21327 4209
21329 4210
21331 4211
21334 4212
21341 4213
21342 4214
21355 4215
21356 4216
21361 4217
21369 4218
21378 4219
21379 4220
21380 4221
21384 4222
21389 4223
21390 4224
21392 4225
21397 4226
21406 4227
21411 4228
21415 4229
21420 4230
21421 4231
21426 4232
21432 4233
21436 4234
21437 4235
21438 4236
21444 4237
21445 4238
21466 4239
21469 4240
21470 4241
21471 4242
21473 4243
21475 4244
21477 4245
21478 4246
21483 4247
21484 4248
21485 4249
21489 4250
21490 4251
21493 4252
21494 4253
21501 4254
21507 4255
21513 4256
21516 4257
21518 4258
21519 4259
21529 4260
21530 4261
21531 4262
21549 4263
21551 4264
21552 4265
21558 4266
21561 4267
21565 4268
21569 4269
21577 4270
21583 4271
21594 4272
21596 4273
21604 4274
21608 4275
21609 4276
21612 4277
21614 4278
21618 4279
21633 4280
21640 4281
21641 4282
21642 4283
21647 4284
21651 4285
21658 4286
21670 4287
21671 4288
21681 4289
21685 4290
21690 4291
21692 4292
21697 4293
21701 4294
21704 4295
21710 4296
21713 4297
21723 4298
21724 4299
21729 4300
21741 4301
21753 4302
21762 4303
21764 4304
21770 4305
21772 4306
21773 4307
21778 4308
21780 4309
21783 4310
21784 4311
21793 4312
21794 4313
21801 4314
21808 4315
21814 4316
21815 4317
21818 4318
21834 4319
21837 4320
21844 4321
21845 4322
21849 4323
21850 4324
21853 4325
21864 4326
21866 4327
21869 4328
21872 4329
21873 4330
21884 4331
21892 4332
21893 4333
21897 4334
21900 4335
21901 4336
21902 4337
21910 4338
21912 4339
21913 4340
21917 4341
21932 4342
21942 4343
21950 4344
21951 4345
21952 4346
21959 4347
21962 4348
21965 4349
21977 4350
21978 4351
21991 4352
21993 4353
22020 4354
22026 4355
22032 4356
22038 4357
22039 4358
22042 4359
22044 4360
22045 4361
22046 4362
22049 4363
22054 4364
22055 4365
22063 4366
22066 4367
22074 4368
22078 4369
22079 4370
22088 4371
22099 4372
22101 4373
22102 4374
22104 4375
22105 4376
22106 4377
22110 4378
22116 4379
22126 4380
22132 4381
22147 4382
22155 4383
22161 4384
22165 4385
22172 4386
22175 4387
22181 4388
22182 4389
22183 4390
22186 4391
22189 4392
22190 4393
22192 4394
22196 4395
22200 4396
22206 4397
22208 4398
22213 4399
22215 4400
22216 4401
22220 4402
22223 4403
22226 4404
22232 4405
22236 4406
22237 4407
22246 4408
22255 4409
22257 4410
22267 4411
22285 4412
22291 4413
22299 4414
22302 4415
22305 4416
22337 4417
22344 4418
22348 4419
22351 4420
22360 4421
22364 4422
22371 4423
22384 4424
22386 4425
22394 4426
22398 4427
22404 4428
22406 4429
22413 4430
22419 4431
22420 4432
22422 4433
22423 4434
22425 4435
22428 4436
22432 4437
22436 4438
22439 4439
22447 4440
22450 4441
22454 4442
22456 4443
22457 4444
22468 4445
22471 4446
22477 4447
22479 4448
22483 4449
22486 4450
22491 4451
22494 4452
22495 4453
22500 4454
22501 4455
22503 4456
22509 4457
22530 4458
22536 4459
22542 4460
22543 4461
22553 4462
22554 4463
22560 4464
22565 4465
22571 4466
22573 4467
22585 4468
22594 4469
22596 4470
22601 4471
22611 4472
22618 4473
22620 4474
22626 4475
22629 4476
22633 4477
22637 4478
22639 4479
22650 4480
22655 4481
22658 4482
22666 4483
22674 4484
22677 4485
22680 4486
22683 4487
22686 4488
22688 4489
22709 4490
22710 4491
22711 4492
22712 4493
22713 4494
22717 4495
22733 4496
22739 4497
22740 4498
22743 4499
22744 4500
22746 4501
22753 4502
22756 4503
22757 4504
22763 4505
22767 4506
22771 4507
22776 4508
22778 4509
22786 4510
22791 4511
22792 4512
22796 4513
22798 4514
22803 4515
22808 4516
22810 4517
22813 4518
22815 4519
22818 4520
22819 4521
22822 4522
22830 4523
22831 4524
22837 4525
22840 4526
22859 4527
22862 4528
22864 4529
22865 4530
22868 4531
22871 4532
22873 4533
22875 4534
22876 4535
22877 4536
22888 4537
22889 4538
22895 4539
22904 4540
22906 4541
22914 4542
22919 4543
22924 4544
22925 4545
22935 4546
22937 4547
22938 4548
22941 4549
22944 4550
22948 4551
22949 4552
22953 4553
22968 4554
22970 4555
22973 4556
22982 4557
22984 4558
22988 4559
22989 4560
22994 4561
23000 4562
23004 4563
23010 4564
23016 4565
23033 4566
23049 4567
23055 4568
23062 4569
23063 4570
23066 4571
23073 4572
23074 4573
23086 4574
23098 4575
23109 4576
23110 4577
23113 4578
23114 4579
23115 4580
23123 4581
23124 4582
23127 4583
23136 4584
23137 4585
23138 4586
23142 4587
23163 4588
23164 4589
23168 4590
23169 4591
23170 4592
23180 4593
23188 4594
23191 4595
23200 4596
23202 4597
23220 4598
23224 4599
23231 4600
23235 4601
23242 4602
23248 4603
23255 4604
23256 4605
23259 4606
23260 4607
23268 4608
23269 4609
23272 4610
23276 4611
23284 4612
23292 4613
23296 4614
23298 4615
23301 4616
23308 4617
23309 4618
23318 4619
23320 4620
23323 4621
23325 4622
23330 4623
23356 4624
23357 4625
23359 4626
23364 4627
23369 4628
23371 4629
23375 4630
23376 4631
23383 4632
23393 4633
23402 4634
23420 4635
23426 4636
23432 4637
23441 4638
23450 4639
23454 4640
23456 4641
23466 4642
23471 4643
23475 4644
23482 4645
23484 4646
23490 4647
23494 4648
23495 4649
23500 4650
23515 4651
23516 4652
23525 4653
23540 4654
23541 4655
23546 4656
23554 4657
23555 4658
23556 4659
23557 4660
23559 4661
23562 4662
23567 4663
23573 4664
23574 4665
23576 4666
23577 4667
23578 4668
23581 4669
23589 4670
23592 4671
23602 4672
23616 4673
23617 4674
23624 4675
23628 4676
23629 4677
23632 4678
23634 4679
23638 4680
23639 4681
23640 4682
23661 4683
23663 4684
23669 4685
23676 4686
23679 4687
23683 4688
23693 4689
23696 4690
23704 4691
23710 4692
23714 4693
23727 4694
23733 4695
23738 4696
23743 4697
23746 4698
23749 4699
23755 4700
23762 4701
23764 4702
23767 4703
23774 4704
23775 4705
23780 4706
23785 4707
23788 4708
23791 4709
23792 4710
23800 4711
23804 4712
23807 4713
23813 4714
23816 4715
23824 4716
23825 4717
23830 4718
23833 4719
23834 4720
23835 4721
23841 4722
23844 4723
23850 4724
23852 4725
23854 4726
23861 4727
23883 4728
23884 4729
23886 4730
23891 4731
23896 4732
23900 4733
23903 4734
23911 4735
23913 4736
23928 4737
23931 4738
23933 4739
23935 4740
23938 4741
23940 4742
23947 4743
23952 4744
23963 4745
23964 4746
23970 4747
23982 4748
23986 4749
23996 4750
24009 4751
24016 4752
24021 4753
24022 4754
24028 4755
24029 4756
24031 4757
24035 4758
24042 4759
24048 4760
24052 4761
24055 4762
24057 4763
24058 4764
24060 4765
24065 4766
24069 4767
24076 4768
24087 4769
24094 4770
24097 4771
24102 4772
24104 4773
24106 4774
24108 4775
24109 4776
24115 4777
24118 4778
24120 4779
24122 4780
24129 4781
24136 4782
24147 4783
24150 4784
24157 4785
24158 4786
24170 4787
24171 4788
24172 4789
24177 4790
24191 4791
24201 4792
24205 4793
24206 4794
24208 4795
24209 4796
24212 4797
24215 4798
24217 4799
24227 4800
24235 4801
24238 4802
24241 4803
24250 4804
24251 4805
24255 4806
24261 4807
24262 4808
24265 4809
24271 4810
24278 4811
24279 4812
24280 4813
24281 4814
24286 4815
24288 4816
24289 4817
24292 4818
24293 4819
24304 4820
24309 4821
24321 4822
24330 4823
24334 4824
24347 4825
24350 4826
24352 4827
24357 4828
24359 4829
24363 4830
24367 4831
24368 4832
24371 4833
24383 4834
24391 4835
24399 4836
24402 4837
24405 4838
24406 4839
24415 4840
24417 4841
24428 4842
24432 4843
24434 4844
24436 4845
24444 4846
24449 4847
24450 4848
24460 4849
24463 4850
24465 4851
24466 4852
24470 4853
24475 4854
24477 4855
24494 4856
24503 4857
24505 4858
24507 4859
24509 4860
24510 4861
24519 4862
24521 4863
24534 4864
24536 4865
24538 4866
24540 4867
24547 4868
24558 4869
24560 4870
24568 4871
24574 4872
24576 4873
24598 4874
24599 4875
24601 4876
24602 4877
24603 4878
24622 4879
24631 4880
24655 4881
24658 4882
24673 4883
24677 4884
24681 4885
24685 4886
24686 4887
24695 4888
24696 4889
24697 4890
24698 4891
24712 4892
24716 4893
24718 4894
24719 4895
24722 4896
24726 4897
24729 4898
24733 4899
24736 4900
24743 4901
24747 4902
24757 4903
24761 4904
24762 4905
24764 4906
24768 4907
24771 4908
24772 4909
24774 4910
24775 4911
24780 4912
24782 4913
24783 4914
24789 4915
24794 4916
24795 4917
24796 4918
24797 4919
24798 4920
24804 4921
24805 4922
24810 4923
24811 4924
24818 4925
24820 4926
24834 4927
24835 4928
24841 4929
24842 4930
24858 4931
24860 4932
24861 4933
24865 4934
24869 4935
24879 4936
24901 4937
24907 4938
24911 4939
24914 4940
24918 4941
24922 4942
24924 4943
24926 4944
24941 4945
24966 4946
24969 4947
24972 4948
24976 4949
24985 4950
24990 4951
24993 4952
24996 4953
25001 4954
25002 4955
25003 4956
25009 4957
25014 4958
25015 4959
25020 4960
25024 4961
25027 4962
25052 4963
25054 4964
25057 4965
25059 4966
25062 4967
25066 4968
25069 4969
25073 4970
25081 4971
25087 4972
25088 4973
25089 4974
25090 4975
25094 4976
25096 4977
25099 4978
25111 4979
25120 4980
25146 4981
25158 4982
25160 4983
25162 4984
25166 4985
25171 4986
25183 4987
25184 4988
25189 4989
25194 4990
25196 4991
25198 4992
25203 4993
25205 4994
25208 4995
25214 4996
25227 4997
25232 4998
25233 4999
25239 5000
25244 5001
25255 5002
25258 5003
25260 5004
25277 5005
25278 5006
25279 5007
25282 5008
25291 5009
25304 5010
25311 5011
25317 5012
25329 5013
25331 5014
25336 5015
25337 5016
25338 5017
25342 5018
25361 5019
25362 5020
25367 5021
25368 5022
25374 5023
25396 5024
25403 5025
25404 5026
25414 5027
25420 5028
25436 5029
25437 5030
25445 5031
25448 5032
25452 5033
25457 5034
25466 5035
25471 5036
25490 5037
25501 5038
25505 5039
25508 5040
25511 5041
25512 5042
25514 5043
25521 5044
25525 5045
25527 5046
25531 5047
25533 5048
25535 5049
25538 5050
25540 5051
25541 5052
25553 5053
25556 5054
25567 5055
25570 5056
25574 5057
25576 5058
25577 5059
25578 5060
25585 5061
25589 5062
25590 5063
25591 5064
25592 5065
25594 5066
25597 5067
25604 5068
25608 5069
25612 5070
25617 5071
25618 5072
25621 5073
25631 5074
25636 5075
25643 5076
25649 5077
25653 5078
25668 5079
25676 5080
25677 5081
25683 5082
25685 5083
25693 5084
25695 5085
25720 5086
25724 5087
25725 5088
25730 5089
25731 5090
25739 5091
25751 5092
25763 5093
25764 5094
25776 5095
25786 5096
25791 5097
25795 5098
25796 5099
25800 5100
25802 5101
25815 5102
25816 5103
25817 5104
25822 5105
25823 5106
25824 5107
25825 5108
25830 5109
25836 5110
25854 5111
25857 5112
25861 5113
25864 5114
25866 5115
25870 5116
25874 5117
25878 5118
25882 5119
25889 5120
25893 5121
25899 5122
25902 5123
25906 5124
25908 5125
25910 5126
25912 5127
25915 5128
25919 5129
25922 5130
25930 5131
25942 5132
25943 5133
25946 5134
25951 5135
25965 5136
25968 5137
25976 5138
25982 5139
25984 5140
25985 5141
26005 5142
26023 5143
26031 5144
26033 5145
26036 5146
26045 5147
26046 5148
26053 5149
26058 5150
26061 5151
26062 5152
26072 5153
26078 5154
26079 5155
26085 5156
26090 5157
26094 5158
26096 5159
26097 5160
26102 5161
26103 5162
26105 5163
26107 5164
26113 5165
26119 5166
26125 5167
26127 5168
26128 5169
26139 5170
26140 5171
26146 5172
26151 5173
26152 5174
26153 5175
26155 5176
26164 5177
26171 5178
26176 5179
26191 5180
26192 5181
26193 5182
26194 5183
26203 5184
26204 5185
26205 5186
26213 5187
26217 5188
26226 5189
26230 5190
26233 5191
26238 5192
26245 5193
26246 5194
26247 5195
26251 5196
26252 5197
26257 5198
26263 5199
26277 5200
26283 5201
26293 5202
26295 5203
26296 5204
26300 5205
26308 5206
26310 5207
26318 5208
26324 5209
26325 5210
26326 5211
26332 5212
26333 5213
26338 5214
26346 5215
26347 5216
26349 5217
26351 5218
26355 5219
26356 5220
26358 5221
26361 5222
26370 5223
26376 5224
26385 5225
26404 5226
26409 5227
26425 5228
26428 5229
26429 5230
26430 5231
26446 5232
26457 5233
26462 5234
26465 5235
26467 5236
26470 5237
26471 5238
26483 5239
26491 5240
26498 5241
26499 5242
26502 5243
26503 5244
26504 5245
26511 5246
26513 5247
26516 5248
26518 5249
26525 5250
26527 5251
26531 5252
26535 5253
26538 5254
26545 5255
26555 5256
26557 5257
26559 5258
26565 5259
26571 5260
26575 5261
26577 5262
26578 5263
26580 5264
26583 5265
26588 5266
26590 5267
26596 5268
26601 5269
26607 5270
26608 5271
26609 5272
26628 5273
26630 5274
26637 5275
26645 5276
26652 5277
26656 5278
26662 5279
26663 5280
26665 5281
26666 5282
26668 5283
26670 5284
26677 5285
26678 5286
26683 5287
26688 5288
26689 5289
26706 5290
26707 5291
26708 5292
26718 5293
26720 5294
26725 5295
26728 5296
26735 5297
26738 5298
26740 5299
26741 5300
26742 5301
26748 5302
26750 5303
26756 5304
26766 5305
26773 5306
26780 5307
26789 5308
26791 5309
26792 5310
26805 5311
26806 5312
26818 5313
26822 5314
26823 5315
26827 5316
26828 5317
26839 5318
26851 5319
26862 5320
26863 5321
26882 5322
26891 5323
26893 5324
26894 5325
26897 5326
26899 5327
26901 5328
26902 5329
26903 5330
26907 5331
26923 5332
26933 5333
26938 5334
26940 5335
26942 5336
26944 5337
26945 5338
26946 5339
26953 5340
26957 5341
26959 5342
26960 5343
26966 5344
26986 5345
26988 5346
26995 5347
26997 5348
26999 5349
27012 5350
27014 5351
27016 5352
27019 5353
27020 5354
27024 5355
27027 5356
27035 5357
27042 5358
27043 5359
27044 5360
27045 5361
27046 5362
27049 5363
27053 5364
27067 5365
27080 5366
27082 5367
27089 5368
27090 5369
27092 5370
27093 5371
27096 5372
27098 5373
27110 5374
27113 5375
27117 5376
27121 5377
27125 5378
27128 5379
27129 5380
27131 5381
27138 5382
27154 5383
27165 5384
27167 5385
27170 5386
27171 5387
27173 5388
27177 5389
27191 5390
27204 5391
27207 5392
27212 5393
27223 5394
27230 5395
27246 5396
27254 5397
27255 5398
27260 5399
27265 5400
27271 5401
27272 5402
27277 5403
27278 5404
27301 5405
27304 5406
27309 5407
27311 5408
27312 5409
27315 5410
27326 5411
27336 5412
27342 5413
27344 5414
27345 5415
27348 5416
27362 5417
27364 5418
27379 5419
27390 5420
27394 5421
27398 5422
27399 5423
27400 5424
27402 5425
27406 5426
27408 5427
27411 5428
27412 5429
27417 5430
27419 5431
27427 5432
27429 5433
27432 5434
27433 5435
27435 5436
27436 5437
27440 5438
27442 5439
27450 5440
27478 5441
27480 5442
27487 5443
27488 5444
27490 5445
27500 5446
27501 5447
27509 5448
27513 5449
27535 5450
27536 5451
27539 5452
27540 5453
27542 5454
27545 5455
27549 5456
27552 5457
27560 5458
27562 5459
27568 5460
27569 5461
27571 5462
27578 5463
27582 5464
27583 5465
27585 5466
27587 5467
27594 5468
27600 5469
27603 5470
27615 5471
27626 5472
27642 5473
27645 5474
27646 5475
27650 5476
27651 5477
27652 5478
27654 5479
27661 5480
27662 5481
27665 5482
27675 5483
27680 5484
27682 5485
27684 5486
27698 5487
27703 5488
27711 5489
27717 5490
27719 5491
27721 5492
27726 5493
27728 5494
27734 5495
27737 5496
27739 5497
27745 5498
27752 5499
27756 5500
27758 5501
27760 5502
27767 5503
27781 5504
27784 5505
27786 5506
27789 5507
27790 5508
27805 5509
27808 5510
27811 5511
27812 5512
27813 5513
27818 5514
27824 5515
27828 5516
27829 5517
27830 5518
27840 5519
27851 5520
27853 5521
27858 5522
27861 5523
27868 5524
27872 5525
27882 5526
27883 5527
27884 5528
27888 5529
27890 5530
27898 5531
27900 5532
27906 5533
27916 5534
27919 5535
27925 5536
27926 5537
27931 5538
27939 5539
27945 5540
27950 5541
27951 5542
27953 5543
27961 5544
27963 5545
27966 5546
27973 5547
27977 5548
27981 5549
27983 5550
27985 5551
27986 5552
27990 5553
27999 5554
28003 5555
28004 5556
28009 5557
28016 5558
28017 5559
28020 5560
28022 5561
28029 5562
28036 5563
28037 5564
28040 5565
28041 5566
28045 5567
28046 5568
28047 5569
28050 5570
28066 5571
28068 5572
28071 5573
28076 5574
28087 5575
28099 5576
28104 5577
28105 5578
28106 5579
28116 5580
28117 5581
28120 5582
28123 5583
28130 5584
28131 5585
28132 5586
28134 5587
28140 5588
28142 5589
28144 5590
28147 5591
28151 5592
28160 5593
28164 5594
28165 5595
28166 5596
28176 5597
28179 5598
28182 5599
28183 5600
28191 5601
28192 5602
28195 5603
28200 5604
28205 5605
28210 5606
28211 5607
28214 5608
28219 5609
28223 5610
28229 5611
28234 5612
28236 5613
28237 5614
28240 5615
28245 5616
28247 5617
28249 5618
28251 5619
28267 5620
28273 5621
28274 5622
28287 5623
28290 5624
28298 5625
28304 5626
28314 5627
28319 5628
28321 5629
28328 5630
28347 5631
28350 5632
28352 5633
28358 5634
28360 5635
28364 5636
28373 5637
28377 5638
28388 5639
28390 5640
28395 5641
28403 5642
28406 5643
28407 5644
28409 5645
28411 5646
28412 5647
28413 5648
28414 5649
28415 5650
28417 5651
28427 5652
28432 5653
28433 5654
28449 5655
28453 5656
28456 5657
28460 5658
28464 5659
28466 5660
28470 5661
28473 5662
28475 5663
28480 5664
28481 5665
28482 5666
28488 5667
28494 5668
28496 5669
28498 5670
28500 5671
28508 5672
28513 5673
28533 5674
28535 5675
28536 5676
28541 5677
28546 5678
28548 5679
28551 5680
28554 5681
28559 5682
28560 5683
28567 5684
28569 5685
28575 5686
28580 5687
28581 5688
28588 5689
28599 5690
28619 5691
28621 5692
28632 5693
28633 5694
28635 5695
28641 5696
28650 5697
28651 5698
28660 5699
28669 5700
28673 5701
28675 5702
28678 5703
28680 5704
28689 5705
28690 5706
28699 5707
28712 5708
28716 5709
28726 5710
28728 5711
28734 5712
28739 5713
28743 5714
28744 5715
28746 5716
28748 5717
28752 5718
28757 5719
28766 5720
28778 5721
28784 5722
28790 5723
28798 5724
28799 5725
28806 5726
28809 5727
28814 5728
28821 5729
28825 5730
28831 5731
28833 5732
28834 5733
28840 5734
28853 5735
28862 5736
28863 5737
28865 5738
28875 5739
28881 5740
28888 5741
28889 5742
28895 5743
28896 5744
28898 5745
28901 5746
28905 5747
28908 5748
28910 5749
28912 5750
28913 5751
28916 5752
28922 5753
28924 5754
28926 5755
28928 5756
28932 5757
28935 5758
28947 5759
28953 5760
28962 5761
28964 5762
28971 5763
28982 5764
28997 5765
29000 5766
29002 5767
29007 5768
29009 5769
29013 5770
29015 5771
29016 5772
29017 5773
29018 5774
29020 5775
29021 5776
29027 5777
29029 5778
29033 5779
29038 5780
29042 5781
29044 5782
29046 5783
29047 5784
29049 5785
29050 5786
29052 5787
29056 5788
29058 5789
29061 5790
29063 5791
29075 5792
29078 5793
29079 5794
29082 5795
29084 5796
29087 5797
29089 5798
29093 5799
29095 5800
29100 5801
29105 5802
29110 5803
29115 5804
29116 5805
29134 5806
29135 5807
29145 5808
29149 5809
29153 5810
29169 5811
29178 5812
29185 5813
29189 5814
29200 5815
29201 5816
29205 5817
29220 5818
29233 5819
29240 5820
29245 5821
29266 5822
29267 5823
29271 5824
29272 5825
29279 5826
29284 5827
29285 5828
29286 5829
29290 5830
29294 5831
29298 5832
29302 5833
29305 5834
29311 5835
29328 5836
29331 5837
29339 5838
29358 5839
29362 5840
29377 5841
29382 5842
29390 5843
29396 5844
29400 5845
29404 5846
29406 5847
29415 5848
29423 5849
29428 5850
29432 5851
29443 5852
29451 5853
29452 5854
29457 5855
29459 5856
29460 5857
29487 5858
29489 5859
29491 5860
29492 5861
29496 5862
29503 5863
29505 5864
29509 5865
29519 5866
29520 5867
29525 5868
29529 5869
29532 5870
29541 5871
29548 5872
29554 5873
29566 5874
29567 5875
29576 5876
29581 5877
29585 5878
29586 5879
29593 5880
29595 5881
29598 5882
29602 5883
29608 5884
29612 5885
29613 5886
29614 5887
29621 5888
29627 5889
29634 5890
29641 5891
29648 5892
29652 5893
29656 5894
29657 5895
29666 5896
29679 5897
29680 5898
29683 5899
29700 5900
29703 5901
29709 5902
29712 5903
29724 5904
29731 5905
29735 5906
29750 5907
29753 5908
29758 5909
29765 5910
29766 5911
29777 5912
29783 5913
29790 5914
29795 5915
29797 5916
29800 5917
29801 5918
29804 5919
29806 5920
29813 5921
29816 5922
29829 5923
29836 5924
29843 5925
29850 5926
29856 5927
29867 5928
29870 5929
29885 5930
29900 5931
29906 5932
29911 5933
29925 5934
29929 5935
29931 5936
29933 5937
29938 5938
29945 5939
29946 5940
29949 5941
29951 5942
29954 5943
29956 5944
29957 5945
29958 5946
29964 5947
29972 5948
29973 5949
29974 5950
29980 5951
29986 5952
29990 5953
29992 5954
29993 5955
29995 5956
29996 5957
30000 5958
30002 5959
30004 5960
30007 5961
30017 5962
30018 5963
30019 5964
30024 5965
30025 5966
30026 5967
30031 5968
30036 5969
30043 5970
30044 5971
30056 5972
30065 5973
30066 5974
30067 5975
30078 5976
30079 5977
30082 5978
30089 5979
30091 5980
30095 5981
30097 5982
30099 5983
30100 5984
30102 5985
30108 5986
30109 5987
30113 5988
30114 5989
30115 5990
30124 5991
30128 5992
30129 5993
30137 5994
30138 5995
30166 5996
30167 5997
30175 5998
30181 5999
30188 6000
30193 6001
30198 6002
30199 6003
30210 6004
30215 6005
30220 6006
30221 6007
30222 6008
30225 6009
30234 6010
30238 6011
30249 6012
30251 6013
30253 6014
30254 6015
30261 6016
30268 6017
30270 6018
30275 6019
30285 6020
30288 6021
30291 6022
30296 6023
30300 6024
30305 6025
30317 6026
30334 6027
30335 6028
30342 6029
30346 6030
30349 6031
30350 6032
30353 6033
30365 6034
30370 6035
30373 6036
30375 6037
30376 6038
30379 6039
30381 6040
30385 6041
30395 6042
30398 6043
30399 6044
30401 6045
30410 6046
30411 6047
30414 6048
30422 6049
30425 6050
30428 6051
30443 6052
30445 6053
30446 6054
30448 6055
30450 6056
30451 6057
30457 6058
30458 6059
30459 6060
30477 6061
30482 6062
30483 6063
30488 6064
30498 6065
30501 6066
30502 6067
30508 6068
30511 6069
30522 6070
30526 6071
30528 6072
30529 6073
30538 6074
30542 6075
30551 6076
30554 6077
30569 6078
30570 6079
30572 6080
30581 6081
30585 6082
30595 6083
30596 6084
30605 6085
30610 6086
30614 6087
30615 6088
30616 6089
30623 6090
30635 6091
30637 6092
30647 6093
30656 6094
30661 6095
30665 6096
30666 6097
30674 6098
30680 6099
30681 6100
30690 6101
30695 6102
30701 6103
30705 6104
30710 6105
30715 6106
30716 6107
30728 6108
30737 6109
30749 6110
30775 6111
30777 6112
30790 6113
30795 6114
30798 6115
30802 6116
30808 6117
30810 6118
30817 6119
30819 6120
30827 6121
30829 6122
30836 6123
30837 6124
30848 6125
30850 6126
30852 6127
30866 6128
30882 6129
30885 6130
30887 6131
30888 6132
30889 6133
30893 6134
30894 6135
30897 6136
30899 6137
30904 6138
30924 6139
30928 6140
30929 6141
30933 6142
30944 6143
30946 6144
30949 6145
30962 6146
30968 6147
30969 6148
30976 6149
30978 6150
30987 6151
30992 6152
31000 6153
31013 6154
31017 6155
31022 6156
31025 6157
31037 6158
31038 6159
31039 6160
31043 6161
31045 6162
31056 6163
31060 6164
31063 6165
31074 6166
31083 6167
31093 6168
31098 6169
31104 6170
31105 6171
31113 6172
31114 6173
31115 6174
31116 6175
31117 6176
31123 6177
31125 6178
31126 6179
31134 6180
31135 6181
31137 6182
31145 6183
31153 6184
31157 6185
31158 6186
31160 6187
31166 6188
31172 6189
31174 6190
31181 6191
31191 6192
31193 6193
31195 6194
31197 6195
31198 6196
31200 6197
31201 6198
31205 6199
31209 6200
31210 6201
31213 6202
31217 6203
31227 6204
31229 6205
31244 6206
31264 6207
31267 6208
31273 6209
31281 6210
31283 6211
31300 6212
31305 6213
31306 6214
31308 6215
31309 6216
31310 6217
31312 6218
31317 6219
31319 6220
31326 6221
31330 6222
31340 6223
31345 6224
31348 6225
31350 6226
31354 6227
31356 6228
31362 6229
31363 6230
31364 6231
31366 6232
31372 6233
31375 6234
31377 6235
31385 6236
31390 6237
31394 6238
31395 6239
31400 6240
31412 6241
31413 6242
31418 6243
31423 6244
31424 6245
31441 6246
31458 6247
31460 6248
31463 6249
31472 6250
31476 6251
31477 6252
31484 6253
31508 6254
31513 6255
31516 6256
31518 6257
31527 6258
31528 6259
31534 6260
31542 6261
31543 6262
31546 6263
31553 6264
31566 6265
31567 6266
31571 6267
31578 6268
31582 6269
31583 6270
31584 6271
31586 6272
31588 6273
31592 6274
31593 6275
31602 6276
31615 6277
31616 6278
31619 6279
31633 6280
31641 6281
31644 6282
31654 6283
31655 6284
31662 6285
31672 6286
31679 6287
31680 6288
31690 6289
31697 6290
31700 6291
31704 6292
31710 6293
31715 6294
31727 6295
31728 6296
31729 6297
31735 6298
31741 6299
31745 6300
31747 6301
31748 6302
31753 6303
31754 6304
31760 6305
31770 6306
31771 6307
31778 6308
31781 6309
31783 6310
31785 6311
31790 6312
31795 6313
31805 6314
31812 6315
31819 6316
31821 6317
31830 6318
31839 6319
31841 6320
31845 6321
31848 6322
31860 6323
31863 6324
31864 6325
31865 6326
31876 6327
31881 6328
31886 6329
31891 6330
31895 6331
31904 6332
31907 6333
31909 6334
31912 6335
31913 6336
31919 6337
31921 6338
31933 6339
31936 6340
31939 6341
31941 6342
31949 6343
31954 6344
31958 6345
31973 6346
31977 6347
31980 6348
31983 6349
31987 6350
31991 6351
31997 6352
31998 6353
32014 6354
32017 6355
32019 6356
32020 6357
32023 6358
32026 6359
32030 6360
32038 6361
32042 6362
32044 6363
32050 6364
32054 6365
32059 6366
32065 6367
32066 6368
32070 6369
32074 6370
32077 6371
32078 6372
32083 6373
32084 6374
32085 6375
32087 6376
32094 6377
32096 6378
32099 6379
32105 6380
32106 6381
32108 6382
32126 6383
32128 6384
32138 6385
32139 6386
32143 6387
32146 6388
32148 6389
32151 6390
32155 6391
32157 6392
32166 6393
32173 6394
32176 6395
32207 6396
32209 6397
32210 6398
32215 6399
32229 6400
32244 6401
32245 6402
32247 6403
32257 6404
32259 6405
32260 6406
32263 6407
32265 6408
32269 6409
32272 6410
32276 6411
32286 6412
32292 6413
32293 6414
32300 6415
32306 6416
32308 6417
32316 6418
32318 6419
32328 6420
32331 6421
32339 6422
32341 6423
32342 6424
32347 6425
32348 6426
32350 6427
32354 6428
32355 6429
32356 6430
32359 6431
32360 6432
32361 6433
32369 6434
32374 6435
32379 6436
32381 6437
32388 6438
32391 6439
32398 6440
32411 6441
32415 6442
32420 6443
32423 6444
32424 6445
32426 6446
32430 6447
32440 6448
32449 6449
32452 6450
32460 6451
32463 6452
32464 6453
32466 6454
32468 6455
32471 6456
32474 6457
32479 6458
32480 6459
32482 6460
32487 6461
32493 6462
32494 6463
32501 6464
32502 6465
32506 6466
32508 6467
32509 6468
32510 6469
32517 6470
32520 6471
32522 6472
32529 6473
32539 6474
32542 6475
32552 6476
32555 6477
32557 6478
32563 6479
32568 6480
32571 6481
32573 6482
32578 6483
32582 6484
32592 6485
32594 6486
32605 6487
32612 6488
32632 6489
32647 6490
32651 6491
32653 6492
32657 6493
32660 6494
32661 6495
32667 6496
32670 6497
32672 6498
32682 6499
32687 6500
32693 6501
32694 6502
32698 6503
32700 6504
32705 6505
32711 6506
32712 6507
32714 6508
32716 6509
32725 6510
32727 6511
32736 6512
32738 6513
32740 6514
32741 6515
32745 6516
32751 6517
32755 6518
32760 6519
32761 6520
32764 6521
32769 6522
32771 6523
32774 6524
32778 6525
32784 6526
32790 6527
32791 6528
32792 6529
32794 6530
32797 6531
32799 6532
32806 6533
32807 6534
32815 6535
32819 6536
32823 6537
32826 6538
32827 6539
32828 6540
32831 6541
32836 6542
32838 6543
32842 6544
32848 6545
32856 6546
32862 6547
32865 6548
32871 6549
32873 6550
32878 6551
32880 6552
32892 6553
32897 6554
32911 6555
32918 6556
32924 6557
32925 6558
32932 6559
32942 6560
32944 6561
32954 6562
32955 6563
32957 6564
32961 6565
32964 6566
32969 6567
32974 6568
32980 6569
32988 6570
32990 6571
32991 6572
32996 6573
32998 6574
32999 6575
33012 6576
33015 6577
33017 6578
33027 6579
33038 6580
33040 6581
33041 6582
33044 6583
33050 6584
33051 6585
33053 6586
33064 6587
33076 6588
33081 6589
33083 6590
33085 6591
33086 6592
33092 6593
33109 6594
33123 6595
33127 6596
33128 6597
33130 6598
33131 6599
33137 6600
33140 6601
33141 6602
33145 6603
33157 6604
33159 6605
33160 6606
33161 6607
33162 6608
33163 6609
33179 6610
33184 6611
33191 6612
33195 6613
33201 6614
33203 6615
33217 6616
33221 6617
33225 6618
33233 6619
33236 6620
33243 6621
33244 6622
33253 6623
33254 6624
33270 6625
33272 6626
33274 6627
33281 6628
33287 6629
33292 6630
33294 6631
33299 6632
33303 6633
33304 6634
33311 6635
33312 6636
33313 6637
33314 6638
33326 6639
33329 6640
33333 6641
33338 6642
33350 6643
33357 6644
33362 6645
33384 6646
33386 6647
33391 6648
33393 6649
33395 6650
33399 6651
33400 6652
33405 6653
33414 6654
33417 6655
33421 6656
33427 6657
33429 6658
33432 6659
33446 6660
33448 6661
33452 6662
33453 6663
33454 6664
33458 6665
33475 6666
33492 6667
33496 6668
33499 6669
33504 6670
33521 6671
33525 6672
33530 6673
33531 6674
33533 6675
33538 6676
33544 6677
33547 6678
33554 6679
33556 6680
33563 6681
33564 6682
33571 6683
33572 6684
33573 6685
33576 6686
33581 6687
33601 6688
33602 6689
33604 6690
33621 6691
33624 6692
33628 6693
33629 6694
33638 6695
33642 6696
33654 6697
33662 6698
33670 6699
33673 6700
33676 6701
33677 6702
33678 6703
33679 6704
33694 6705
33695 6706
33698 6707
33702 6708
33712 6709
33713 6710
33714 6711
33717 6712
33724 6713
33731 6714
33736 6715
33741 6716
33746 6717
33756 6718
33760 6719
33764 6720
33767 6721
33768 6722
33779 6723
33780 6724
33783 6725
33795 6726
33800 6727
33802 6728
33804 6729
33807 6730
33816 6731
33817 6732
33826 6733
33827 6734
33833 6735
33834 6736
33835 6737
33837 6738
33845 6739
33848 6740
33852 6741
33853 6742
33856 6743
33857 6744
33870 6745
33873 6746
33887 6747
33890 6748
33894 6749
33901 6750
33907 6751
33909 6752
33915 6753
33927 6754
33932 6755
33940 6756
33941 6757
33943 6758
33944 6759
33947 6760
33951 6761
33952 6762
33961 6763
33968 6764
33969 6765
33972 6766
33979 6767
33986 6768
34006 6769
34010 6770
34012 6771
34018 6772
34020 6773
34038 6774
34043 6775
34048 6776
34049 6777
34055 6778
34058 6779
34062 6780
34064 6781
34072 6782
34087 6783
34093 6784
34096 6785
34106 6786
34108 6787
34110 6788
34116 6789
34121 6790
34125 6791
34132 6792
34149 6793
34161 6794
34176 6795
34178 6796
34185 6797
34187 6798
34193 6799
34197 6800
34199 6801
34201 6802
34205 6803
34207 6804
34214 6805
34216 6806
34219 6807
34220 6808
34227 6809
34229 6810
34230 6811
34234 6812
34238 6813
34241 6814
34242 6815
34247 6816
34248 6817
34250 6818
34251 6819
34252 6820
34253 6821
34255 6822
34260 6823
34263 6824
34267 6825
34270 6826
34273 6827
34278 6828
34286 6829
34289 6830
34292 6831
34298 6832
34300 6833
34301 6834
34303 6835
34306 6836
34309 6837
34311 6838
34312 6839
34321 6840
34338 6841
34345 6842
34353 6843
34363 6844
34368 6845
34369 6846
34374 6847
34380 6848
34382 6849
34383 6850
34390 6851
34391 6852
34397 6853
34402 6854
34410 6855
34422 6856
34425 6857
34428 6858
34431 6859
34432 6860
34435 6861
34448 6862
34449 6863
34452 6864
34453 6865
34456 6866
34471 6867
34477 6868
34489 6869
34510 6870
34518 6871
34522 6872
34525 6873
34532 6874
34533 6875
34535 6876
34537 6877
34539 6878
34544 6879
34545 6880
34547 6881
34550 6882
34557 6883
34561 6884
34563 6885
34566 6886
34567 6887
34573 6888
34575 6889
34576 6890
34587 6891
34591 6892
34592 6893
34596 6894
34600 6895
34602 6896
34611 6897
34612 6898
34623 6899
34627 6900
34633 6901
34639 6902
34646 6903
34648 6904
34657 6905
34660 6906
34662 6907
34667 6908
34668 6909
34674 6910
34677 6911
34679 6912
34686 6913
34689 6914
34692 6915
34693 6916
34698 6917
34704 6918
34707 6919
34711 6920
34714 6921
34724 6922
34729 6923
34730 6924
34738 6925
34741 6926
34749 6927
34758 6928
34759 6929
34761 6930
34762 6931
34767 6932
34773 6933
34781 6934
34783 6935
34784 6936
34796 6937
34797 6938
34807 6939
34808 6940
34816 6941
34819 6942
34820 6943
34822 6944
34830 6945
34833 6946
34835 6947
34836 6948
34838 6949
34848 6950
34852 6951
34855 6952
34858 6953
34861 6954
34862 6955
34864 6956
34865 6957
34873 6958
34887 6959
34893 6960
34896 6961
34904 6962
34905 6963
34910 6964
34918 6965
34923 6966
34929 6967
34960 6968
34969 6969
34974 6970
34977 6971
34984 6972
34988 6973
34997 6974
35006 6975
35009 6976
35010 6977
35029 6978
35030 6979
35031 6980
35044 6981
35054 6982
35062 6983
35064 6984
35066 6985
35076 6986
35078 6987
35090 6988
35091 6989
35094 6990
35095 6991
35096 6992
35097 6993
35105 6994
35112 6995
35113 6996
35114 6997
35126 6998
35137 6999
35146 7000
35150 7001
35162 7002
35166 7003
35172 7004
35175 7005
35178 7006
35180 7007
35182 7008
35184 7009
35185 7010
35186 7011
35188 7012
35197 7013
35213 7014
35231 7015
35233 7016
35234 7017
35235 7018
35243 7019
35245 7020
35252 7021
35254 7022
35255 7023
35258 7024
35266 7025
35275 7026
35286 7027
35294 7028
35295 7029
35302 7030
35303 7031
35308 7032
35312 7033
35319 7034
35320 7035
35322 7036
35323 7037
35324 7038
35328 7039
35331 7040
35348 7041
35355 7042
35357 7043
35358 7044
35364 7045
35369 7046
35379 7047
35382 7048
35385 7049
35386 7050
35390 7051
35394 7052
35400 7053
35409 7054
35416 7055
35420 7056
35421 7057
35422 7058
35430 7059
35431 7060
35433 7061
35438 7062
35439 7063
35441 7064
35445 7065
35447 7066
35451 7067
35457 7068
35467 7069
35470 7070
35472 7071
35477 7072
35480 7073
35490 7074
35498 7075
35514 7076
35525 7077
35532 7078
35534 7079
35536 7080
35537 7081
35542 7082
35543 7083
35544 7084
35547 7085
35549 7086
35550 7087
35552 7088
35555 7089
35556 7090
35559 7091
35563 7092
35571 7093
35572 7094
35574 7095
35575 7096
35577 7097
35594 7098
35597 7099
35609 7100
35618 7101
35619 7102
35620 7103
35621 7104
35631 7105
35632 7106
35633 7107
35638 7108
35647 7109
35653 7110
35656 7111
35659 7112
35671 7113
35676 7114
35691 7115
35694 7116
35697 7117
35700 7118
35705 7119
35708 7120
35709 7121
35710 7122
35723 7123
35724 7124
35729 7125
35744 7126
35749 7127
35750 7128
35763 7129
35769 7130
35782 7131
35784 7132
35791 7133
35806 7134
35808 7135
35813 7136
35821 7137
35824 7138
35828 7139
35830 7140
35833 7141
35838 7142
35839 7143
35843 7144
35865 7145
35873 7146
35878 7147
35896 7148
35897 7149
35898 7150
35928 7151
35936 7152
35937 7153
35940 7154
35945 7155
35946 7156
35950 7157
35952 7158
35957 7159
35958 7160
35961 7161
35972 7162
35978 7163
35980 7164
35989 7165
35995 7166
35997 7167
36002 7168
36003 7169
36043 7170
36044 7171
36045 7172
36048 7173
36057 7174
36061 7175
36063 7176
36064 7177
36066 7178
36072 7179
36077 7180
36083 7181
36087 7182
36106 7183
36115 7184
36119 7185
36141 7186
36142 7187
36146 7188
36152 7189
36156 7190
36169 7191
36173 7192
36180 7193
36194 7194
36200 7195
36213 7196
36218 7197
36224 7198
36232 7199
36237 7200
36239 7201
36243 7202
36245 7203
36250 7204
36254 7205
36259 7206
36262 7207
36265 7208
36266 7209
36268 7210
36278 7211
36279 7212
36288 7213
36295 7214
36297 7215
36298 7216
36304 7217
36307 7218
36312 7219
36313 7220
36314 7221
36318 7222
36319 7223
36320 7224
36324 7225
36332 7226
36333 7227
36336 7228
36352 7229
36355 7230
36358 7231
36359 7232
36366 7233
36379 7234
36381 7235
36389 7236
36407 7237
36413 7238
36416 7239
36425 7240
36433 7241
36452 7242
36454 7243
36462 7244
36465 7245
36467 7246
36471 7247
36472 7248
36475 7249
36483 7250
36492 7251
36493 7252
36498 7253
36502 7254
36509 7255
36510 7256
36512 7257
36515 7258
36527 7259
36528 7260
36531 7261
36535 7262
36537 7263
36539 7264
36540 7265
36542 7266
36557 7267
36574 7268
36578 7269
36590 7270
36593 7271
36612 7272
36618 7273
36621 7274
36623 7275
36624 7276
36625 7277
36634 7278
36640 7279
36652 7280
36660 7281
36663 7282
36664 7283
36665 7284
36667 7285
36671 7286
36674 7287
36675 7288
36676 7289
36677 7290
36684 7291
36688 7292
36691 7293
36693 7294
36700 7295
36701 7296
36704 7297
36705 7298
36707 7299
36708 7300
36710 7301
36712 7302
36722 7303
36725 7304
36728 7305
36732 7306
36733 7307
36734 7308
36744 7309
36747 7310
36751 7311
36759 7312
36768 7313
36770 7314
36777 7315
36788 7316
36789 7317
36800 7318
36802 7319
36803 7320
36807 7321
36809 7322
36819 7323
36824 7324
36828 7325
36832 7326
36836 7327
36838 7328
36840 7329
36842 7330
36845 7331
36856 7332
36860 7333
36863 7334
36865 7335
36866 7336
36870 7337
36877 7338
36879 7339
36881 7340
36891 7341
36892 7342
36906 7343
36909 7344
36911 7345
36914 7346
36925 7347
36929 7348
36934 7349
36936 7350
36937 7351
36946 7352
36955 7353
36963 7354
36965 7355
36968 7356
36970 7357
36972 7358
36982 7359
36994 7360
36997 7361
37000 7362
37007 7363
37010 7364
37013 7365
37024 7366
37032 7367
37033 7368
37050 7369
37051 7370
37054 7371
37055 7372
37056 7373
37072 7374
37074 7375
37076 7376
37079 7377
37082 7378
37086 7379
37087 7380
37093 7381
37112 7382
37114 7383
37115 7384
37119 7385
37120 7386
37125 7387
37128 7388
37130 7389
37131 7390
37137 7391
37141 7392
37143 7393
37146 7394
37156 7395
37157 7396
37161 7397
37164 7398
37166 7399
37175 7400
37181 7401
37184 7402
37187 7403
37193 7404
37195 7405
37197 7406
37204 7407
37208 7408
37215 7409
37221 7410
37227 7411
37228 7412
37231 7413
37239 7414
37246 7415
37253 7416
37254 7417
37260 7418
37266 7419
37267 7420
37279 7421
37283 7422
37286 7423
37290 7424
37292 7425
37293 7426
37308 7427
37311 7428
37312 7429
37315 7430
37318 7431
37322 7432
37327 7433
37329 7434
37333 7435
37340 7436
37344 7437
37351 7438
37353 7439
37354 7440
37356 7441
37358 7442
37367 7443
37381 7444
37382 7445
37388 7446
37389 7447
37392 7448
37400 7449
37404 7450
37405 7451
37412 7452
37416 7453
37427 7454
37429 7455
37439 7456
37443 7457
37452 7458
37456 7459
37457 7460
37460 7461
37462 7462
37466 7463
37470 7464
37473 7465
37479 7466
37482 7467
37496 7468
37497 7469
37499 7470
37507 7471
37512 7472
37514 7473
37516 7474
37520 7475
37521 7476
37546 7477
37552 7478
37560 7479
37569 7480
37581 7481
37584 7482
37595 7483
37599 7484
37602 7485
37604 7486
37607 7487
37619 7488
37621 7489
37623 7490
37625 7491
37640 7492
37643 7493
37651 7494
37652 7495
37659 7496
37661 7497
37662 7498
37670 7499
37674 7500
37675 7501
37678 7502
37679 7503
37682 7504
37683 7505
37692 7506
37696 7507
37700 7508
37707 7509
37727 7510
37734 7511
37741 7512
37744 7513
37751 7514
37753 7515
37754 7516
37758 7517
37759 7518
37763 7519
37765 7520
37766 7521
37768 7522
37773 7523
37776 7524
37790 7525
37795 7526
37797 7527
37800 7528
37814 7529
37815 7530
37826 7531
37830 7532
37840 7533
37847 7534
37853 7535
37854 7536
37855 7537
37856 7538
37859 7539
37862 7540
37875 7541
37878 7542
37879 7543
37883 7544
37884 7545
37885 7546
37891 7547
37892 7548
37899 7549
37900 7550
37902 7551
37904 7552
37911 7553
37921 7554
37924 7555
37925 7556
37928 7557
37929 7558
37934 7559
37937 7560
37941 7561
37953 7562
37954 7563
37960 7564
37964 7565
37965 7566
37983 7567
37984 7568
37986 7569
37995 7570
37997 7571
38021 7572
38025 7573
38033 7574
38039 7575
38044 7576
38047 7577
38056 7578
38057 7579
38058 7580
38061 7581
38067 7582
38070 7583
38072 7584
38086 7585
38092 7586
38094 7587
38107 7588
38108 7589
38109 7590
38111 7591
38122 7592
38127 7593
38129 7594
38130 7595
38135 7596
38144 7597
38147 7598
38155 7599
38159 7600
38166 7601
38179 7602
38181 7603
38183 7604
38186 7605
38187 7606
38189 7607
38190 7608
38194 7609
38196 7610
38205 7611
38206 7612
38207 7613
38214 7614
38219 7615
38221 7616
38231 7617
38247 7618
38249 7619
38251 7620
38254 7621
38263 7622
38266 7623
38267 7624
38269 7625
38270 7626
38272 7627
38274 7628
38276 7629
38279 7630
38280 7631
38283 7632
38286 7633
38289 7634
38294 7635
38296 7636
38298 7637
38307 7638
38309 7639
38311 7640
38312 7641
38331 7642
38347 7643
38352 7644
38356 7645
38360 7646
38361 7647
38371 7648
38377 7649
38379 7650
38380 7651
38381 7652
38382 7653
38383 7654
38385 7655
38388 7656
38409 7657
38410 7658
38411 7659
38415 7660
38416 7661
38423 7662
38429 7663
38435 7664
38441 7665
38446 7666
38448 7667
38450 7668
38451 7669
38453 7670
38456 7671
38458 7672
38461 7673
38469 7674
38473 7675
38475 7676
38477 7677
38490 7678
38498 7679
38503 7680
38510 7681
38517 7682
38518 7683
38521 7684
38529 7685
38530 7686
38536 7687
38538 7688
38539 7689
38545 7690
38546 7691
38553 7692
38559 7693
38566 7694
38567 7695
38572 7696
38576 7697
38582 7698
38588 7699
38589 7700
38596 7701
38599 7702
38605 7703
38611 7704
38613 7705
38614 7706
38623 7707
38626 7708
38648 7709
38649 7710
38651 7711
38653 7712
38659 7713
38663 7714
38676 7715
38683 7716
38684 7717
38687 7718
38688 7719
38691 7720
38695 7721
38697 7722
38709 7723
38713 7724
38715 7725
38716 7726
38719 7727
38721 7728
38724 7729
38728 7730
38729 7731
38731 7732
38733 7733
38745 7734
38762 7735
38764 7736
38766 7737
38767 7738
38768 7739
38782 7740
38784 7741
38791 7742
38796 7743
38799 7744
38808 7745
38811 7746
38818 7747
38822 7748
38825 7749
38831 7750
38843 7751
38845 7752
38855 7753
38858 7754
38864 7755
38866 7756
38879 7757
38881 7758
38886 7759
38898 7760
38902 7761
38906 7762
38907 7763
38911 7764
38916 7765
38926 7766
38931 7767
38932 7768
38937 7769
38943 7770
38946 7771
38953 7772
38954 7773
38959 7774
38961 7775
38965 7776
38976 7777
38979 7778
38998 7779
39002 7780
39008 7781
39012 7782
39024 7783
39028 7784
39031 7785
39037 7786
39039 7787
39043 7788
39045 7789
39057 7790
39066 7791
39084 7792
39091 7793
39095 7794
39097 7795
39100 7796
39101 7797
39102 7798
39103 7799
39104 7800
39105 7801
39116 7802
39123 7803
39126 7804
39137 7805
39138 7806
39139 7807
39143 7808
39144 7809
39154 7810
39157 7811
39160 7812
39161 7813
39171 7814
39175 7815
39183 7816
39193 7817
39194 7818
39198 7819
39202 7820
39204 7821
39205 7822
39211 7823
39219 7824
39220 7825
39221 7826
39225 7827
39226 7828
39227 7829
39233 7830
39243 7831
39249 7832
39250 7833
39263 7834
39269 7835
39281 7836
39293 7837
39308 7838
39309 7839
39311 7840
39317 7841
39319 7842
39341 7843
39342 7844
39343 7845
39363 7846
39366 7847
39373 7848
39374 7849
39378 7850
39382 7851
39385 7852
39386 7853
39389 7854
39396 7855
39404 7856
39413 7857
39414 7858
39416 7859
39421 7860
39424 7861
39436 7862
39438 7863
39445 7864
39446 7865
39450 7866
39451 7867
39453 7868
39454 7869
39458 7870
39460 7871
39462 7872
39463 7873
39465 7874
39476 7875
39483 7876
39490 7877
39493 7878
39496 7879
39512 7880
39514 7881
39516 7882
39517 7883
39537 7884
39538 7885
39540 7886
39543 7887
39544 7888
39545 7889
39546 7890
39553 7891
39554 7892
39571 7893
39582 7894
39584 7895
39586 7896
39593 7897
39605 7898
39608 7899
39613 7900
39615 7901
39618 7902
39620 7903
39622 7904
39627 7905
39628 7906
39630 7907
39636 7908
39641 7909
39649 7910
39653 7911
39658 7912
39664 7913
39670 7914
39679 7915
39682 7916
39683 7917
39700 7918
39707 7919
39713 7920
39722 7921
39726 7922
39727 7923
39728 7924
39735 7925
39741 7926
39742 7927
39744 7928
39748 7929
39758 7930
39764 7931
39765 7932
39767 7933
39776 7934
39799 7935
39800 7936
39801 7937
39803 7938
39804 7939
39811 7940
39814 7941
39819 7942
39828 7943
39831 7944
39833 7945
39835 7946
39836 7947
39838 7948
39840 7949
39854 7950
39858 7951
39865 7952
39879 7953
39881 7954
39883 7955
39890 7956
39893 7957
39905 7958
39909 7959
39918 7960
39923 7961
39946 7962
39948 7963
39952 7964
39957 7965
39959 7966
39962 7967
39966 7968
39972 7969
39979 7970
39980 7971
39992 7972
39994 7973
39995 7974
40001 7975
40004 7976
40044 7977
40052 7978
40053 7979
40056 7980
40070 7981
40074 7982
40077 7983
40081 7984
40086 7985
40092 7986
40096 7987
40100 7988
40102 7989
40104 7990
40110 7991
40111 7992
40116 7993
40125 7994
40127 7995
40130 7996
40134 7997
40151 7998
40168 7999
40173 8000
40186 8001
40187 8002
40188 8003
40192 8004
40202 8005
40204 8006
40206 8007
40220 8008
40221 8009
40224 8010
40227 8011
40231 8012
40237 8013
40251 8014
40252 8015
40268 8016
40273 8017
40279 8018
40282 8019
40284 8020
40297 8021
40305 8022
40308 8023
40310 8024
40318 8025
40326 8026
40330 8027
40339 8028
40344 8029
40346 8030
40351 8031
40352 8032
40353 8033
40356 8034
40360 8035
40363 8036
40369 8037
40378 8038
40381 8039
40385 8040
40390 8041
40396 8042
40399 8043
40400 8044
40406 8045
40415 8046
40418 8047
40422 8048
40444 8049
40446 8050
40456 8051
40459 8052
40463 8053
40464 8054
40468 8055
40469 8056
40472 8057
40474 8058
40477 8059
40478 8060
40483 8061
40491 8062
40498 8063
40500 8064
40506 8065
40513 8066
40516 8067
40522 8068
40526 8069
40537 8070
40542 8071
40548 8072
40557 8073
40561 8074
40562 8075
40564 8076
40573 8077
40575 8078
40583 8079
40588 8080
40589 8081
40590 8082
40591 8083
40595 8084
40596 8085
40600 8086
40601 8087
40608 8088
40609 8089
40613 8090
40619 8091
40634 8092
40639 8093
40642 8094
40645 8095
40646 8096
40647 8097
40651 8098
40660 8099
40667 8100
40668 8101
40669 8102
40673 8103
40677 8104
40680 8105
40687 8106
40696 8107
40699 8108
40706 8109
40714 8110
40741 8111
40743 8112
40744 8113
40745 8114
40746 8115
40748 8116
40751 8117
40754 8118
40758 8119
40761 8120
40764 8121
40768 8122
40776 8123
40779 8124
40785 8125
40792 8126
40811 8127
40814 8128
40817 8129
40820 8130
40821 8131
40826 8132
40830 8133
40832 8134
40835 8135
40847 8136
40850 8137
40856 8138
40858 8139
40865 8140
40883 8141
40884 8142
40890 8143
40893 8144
40898 8145
40900 8146
40906 8147
40907 8148
40911 8149
40912 8150
40921 8151
40923 8152
40927 8153
40928 8154
40932 8155
40938 8156
40939 8157
40940 8158
40942 8159
40955 8160
40959 8161
40964 8162
40966 8163
40968 8164
40977 8165
40985 8166
40991 8167
40999 8168
41003 8169
41013 8170
41014 8171
41016 8172
41025 8173
41034 8174
41036 8175
41044 8176
41057 8177
41065 8178
41066 8179
41074 8180
41081 8181
41083 8182
41091 8183
41097 8184
41101 8185
41104 8186
41105 8187
41109 8188
41113 8189
41114 8190
41129 8191
41136 8192
41139 8193
41146 8194
41153 8195
41155 8196
41158 8197
41161 8198
41163 8199
41169 8200
41178 8201
41184 8202
41195 8203
41196 8204
41206 8205
41211 8206
41221 8207
41223 8208
41229 8209
41236 8210
41269 8211
41271 8212
41272 8213
41275 8214
41277 8215
41281 8216
41287 8217
41290 8218
41293 8219
41300 8220
41322 8221
41330 8222
41332 8223
41333 8224
41334 8225
41338 8226
41342 8227
41343 8228
41347 8229
41348 8230
41353 8231
41359 8232
41361 8233
41366 8234
41374 8235
41380 8236
41387 8237
41389 8238
41397 8239
41400 8240
41402 8241
41404 8242
41407 8243
41418 8244
41427 8245
41436 8246
41445 8247
41446 8248
41448 8249
41466 8250
41468 8251
41470 8252
41488 8253
41491 8254
41505 8255
41509 8256
41525 8257
41530 8258
41532 8259
41536 8260
41542 8261
41550 8262
41551 8263
41553 8264
41554 8265
41565 8266
41574 8267
41575 8268
41581 8269
41582 8270
41584 8271
41586 8272
41587 8273
41597 8274
41603 8275
41607 8276
41610 8277
41642 8278
41643 8279
41652 8280
41654 8281
41660 8282
41664 8283
41665 8284
41667 8285
41678 8286
41682 8287
41689 8288
41694 8289
41696 8290
41698 8291
41699 8292
41703 8293
41704 8294
41707 8295
41711 8296
41712 8297
41713 8298
41714 8299
41715 8300
41716 8301
41717 8302
41724 8303
41725 8304
41735 8305
41742 8306
41748 8307
41751 8308
41752 8309
41754 8310
41755 8311
41756 8312
41764 8313
41765 8314
41767 8315
41768 8316
41769 8317
41775 8318
41781 8319
41784 8320
41787 8321
41790 8322
41794 8323
41800 8324
41802 8325
41805 8326
41807 8327
41809 8328
41814 8329
41820 8330
41826 8331
41827 8332
41828 8333
41830 8334
41835 8335
41837 8336
41839 8337
41843 8338
41847 8339
41848 8340
41852 8341
41853 8342
41857 8343
41865 8344
41879 8345
41895 8346
41897 8347
41906 8348
41912 8349
41920 8350
41925 8351
41939 8352
41942 8353
41947 8354
41950 8355
41951 8356
41954 8357
41960 8358
41963 8359
41964 8360
41965 8361
41967 8362
41972 8363
41976 8364
41983 8365
41984 8366
41991 8367
41993 8368
41999 8369
42003 8370
42007 8371
42008 8372
42010 8373
42011 8374
42015 8375
42026 8376
42027 8377
42032 8378
42038 8379
42049 8380
42050 8381
42052 8382
42053 8383
42061 8384
42065 8385
42072 8386
42073 8387
42075 8388
42082 8389
42084 8390
42085 8391
42089 8392
42093 8393
42095 8394
42104 8395
42105 8396
42107 8397
42116 8398
42120 8399
42128 8400
42130 8401
42133 8402
42135 8403
42137 8404
42142 8405
42152 8406
42156 8407
42157 8408
42159 8409
42160 8410
42168 8411
42169 8412
42173 8413
42174 8414
42175 8415
42201 8416
42205 8417
42212 8418
42218 8419
42223 8420
42224 8421
42225 8422
42241 8423
42251 8424
42259 8425
42261 8426
42267 8427
42269 8428
42278 8429
42282 8430
42285 8431
42287 8432
42295 8433
42300 8434
42311 8435
42323 8436
42332 8437
42337 8438
42347 8439
42352 8440
42353 8441
42356 8442
42362 8443
42364 8444
42366 8445
42368 8446
42369 8447
42372 8448
42376 8449
42377 8450
42378 8451
42391 8452
42397 8453
42405 8454
42408 8455
42410 8456
42417 8457
42420 8458
42423 8459
42424 8460
42426 8461
42428 8462
42437 8463
42438 8464
42459 8465
42467 8466
42473 8467
42478 8468
42479 8469
42482 8470
42483 8471
42489 8472
42496 8473
42498 8474
42502 8475
42504 8476
42507 8477
42518 8478
42523 8479
42534 8480
42545 8481
42547 8482
42548 8483
42557 8484
42561 8485
42570 8486
42575 8487
42586 8488
42587 8489
42590 8490
42591 8491
42595 8492
42599 8493
42609 8494
42610 8495
42612 8496
42627 8497
42638 8498
42658 8499
42662 8500
42666 8501
42668 8502
42678 8503
42685 8504
42687 8505
42696 8506
42700 8507
42709 8508
42710 8509
42713 8510
42714 8511
42715 8512
42716 8513
42726 8514
42733 8515
42742 8516
42750 8517
42753 8518
42756 8519
42757 8520
42760 8521
42771 8522
42772 8523
42773 8524
42775 8525
42786 8526
42787 8527
42792 8528
42802 8529
42806 8530
42808 8531
42810 8532
42824 8533
42829 8534
42833 8535
42834 8536
42844 8537
42854 8538
42855 8539
42857 8540
42865 8541
42869 8542
42875 8543
42882 8544
42883 8545
42886 8546
42891 8547
42892 8548
42893 8549
42897 8550
42898 8551
42900 8552
42919 8553
42922 8554
42927 8555
42929 8556
42932 8557
42933 8558
42935 8559
42940 8560
42941 8561
42942 8562
42947 8563
42951 8564
42958 8565
42960 8566
42961 8567
42964 8568
42973 8569
42977 8570
42979 8571
42984 8572
42986 8573
43004 8574
43015 8575
43026 8576
43037 8577
43041 8578
43048 8579
43064 8580
43065 8581
43066 8582
43072 8583
43073 8584
43082 8585
43086 8586
43092 8587
43112 8588
43123 8589
43127 8590
43130 8591
43131 8592
43147 8593
43157 8594
43163 8595
43166 8596
43169 8597
43172 8598
43173 8599
43176 8600
43177 8601
43178 8602
43181 8603
43184 8604
43195 8605
43196 8606
43197 8607
43200 8608
43204 8609
43205 8610
43208 8611
43209 8612
43211 8613
43222 8614
43224 8615
43227 8616
43228 8617
43241 8618
43244 8619
43245 8620
43247 8621
43252 8622
43262 8623
43263 8624
43268 8625
43271 8626
43272 8627
43282 8628
43286 8629
43290 8630
43295 8631
43297 8632
43306 8633
43316 8634
43320 8635
43321 8636
43322 8637
43327 8638
43329 8639
43334 8640
43339 8641
43340 8642
43341 8643
43342 8644
43345 8645
43353 8646
43357 8647
43358 8648
43359 8649
43361 8650
43390 8651
43391 8652
43397 8653
43399 8654
43404 8655
43405 8656
43406 8657
43409 8658
43412 8659
43416 8660
43427 8661
43434 8662
43445 8663
43446 8664
43447 8665
43455 8666
43467 8667
43475 8668
43479 8669
43483 8670
43487 8671
43496 8672
43501 8673
43504 8674
43511 8675
43512 8676
43514 8677
43516 8678
43517 8679
43519 8680
43533 8681
43543 8682
43566 8683
43572 8684
43578 8685
43580 8686
43581 8687
43583 8688
43584 8689
43585 8690
43586 8691
43591 8692
43593 8693
43598 8694
43601 8695
43603 8696
43617 8697
43625 8698
43627 8699
43629 8700
43630 8701
43637 8702
43646 8703
43651 8704
43653 8705
43654 8706
43660 8707
43665 8708
43666 8709
43667 8710
43688 8711
43690 8712
43700 8713
43714 8714
43719 8715
43721 8716
43722 8717
43725 8718
43728 8719
43729 8720
43733 8721
43735 8722
43739 8723
43746 8724
43747 8725
43759 8726
43768 8727
43769 8728
43770 8729
43771 8730
43774 8731
43776 8732
43784 8733
43790 8734
43796 8735
43798 8736
43799 8737
43801 8738
43803 8739
43804 8740
43813 8741
43816 8742
43818 8743
43824 8744
43825 8745
43827 8746
43828 8747
43831 8748
43832 8749
43834 8750
43836 8751
43840 8752
43847 8753
43853 8754
43864 8755
43865 8756
43867 8757
43871 8758
43873 8759
43874 8760
43880 8761
43889 8762
43892 8763
43894 8764
43910 8765
43920 8766
43932 8767
43935 8768
43938 8769
43944 8770
43947 8771
43949 8772
43952 8773
43963 8774
43968 8775
43971 8776
43972 8777
43977 8778
43978 8779
43980 8780
43999 8781
44000 8782
44009 8783
44012 8784
44021 8785
44027 8786
44034 8787
44035 8788
44038 8789
44050 8790
44051 8791
44055 8792
44060 8793
44062 8794
44065 8795
44072 8796
44075 8797
44076 8798
44078 8799
44089 8800
44094 8801
44100 8802
44102 8803
44108 8804
44109 8805
44111 8806
44112 8807
44130 8808
44139 8809
44145 8810
44147 8811
44148 8812
44149 8813
44154 8814
44155 8815
44156 8816
44157 8817
44159 8818
44166 8819
44167 8820
44171 8821
44185 8822
44191 8823
44194 8824
44199 8825
44200 8826
44205 8827
44211 8828
44213 8829
44218 8830
44220 8831
44229 8832
44232 8833
44235 8834
44238 8835
44242 8836
44243 8837
44250 8838
44251 8839
44263 8840
44269 8841
44273 8842
44290 8843
44292 8844
44295 8845
44299 8846
44303 8847
44308 8848
44309 8849
44310 8850
44313 8851
44322 8852
44329 8853
44330 8854
44331 8855
44336 8856
44338 8857
44341 8858
44349 8859
44355 8860
44358 8861
44359 8862
44366 8863
44368 8864
44370 8865
44373 8866
44378 8867
44384 8868
44385 8869
44388 8870
44390 8871
44393 8872
44397 8873
44404 8874
44405 8875
44406 8876
44412 8877
44413 8878
44417 8879
44418 8880
44421 8881
44424 8882
44430 8883
44439 8884
44441 8885
44442 8886
44447 8887
44449 8888
44459 8889
44462 8890
44464 8891
44475 8892
44479 8893
44481 8894
44483 8895
44484 8896
44485 8897
44486 8898
44489 8899
44491 8900
44494 8901
44498 8902
44499 8903
44501 8904
44504 8905
44507 8906
44514 8907
44515 8908
44516 8909
44534 8910
44543 8911
44546 8912
44547 8913
44552 8914
44560 8915
44564 8916
44568 8917
44573 8918
44575 8919
44577 8920
44578 8921
44583 8922
44587 8923
44589 8924
44591 8925
44594 8926
44598 8927
44600 8928
44602 8929
44607 8930
44608 8931
44614 8932
44617 8933
44625 8934
44630 8935
44634 8936
44642 8937
44650 8938
44654 8939
44657 8940
44659 8941
44664 8942
44666 8943
44682 8944
44704 8945
44707 8946
44714 8947
44718 8948
44721 8949
44725 8950
44731 8951
44733 8952
44748 8953
44753 8954
44759 8955
44767 8956
44775 8957
44786 8958
44789 8959
44798 8960
44802 8961
44814 8962
44815 8963
44825 8964
44828 8965
44834 8966
44838 8967
44848 8968
44857 8969
44863 8970
44866 8971
44870 8972
44877 8973
44888 8974
44894 8975
44899 8976
44901 8977
44927 8978
44928 8979
44929 8980
44932 8981
44935 8982
44937 8983
44944 8984
44949 8985
44964 8986
44970 8987
44980 8988
44981 8989
44985 8990
44986 8991
45013 8992
45015 8993
45027 8994
45028 8995
45029 8996
45037 8997
45038 8998
45043 8999
45046 9000
45049 9001
45053 9002
45072 9003
45073 9004
45086 9005
45091 9006
45094 9007
45102 9008
45104 9009
45105 9010
45113 9011
45114 9012
45118 9013
45119 9014
45124 9015
45131 9016
45132 9017
45134 9018
45135 9019
45142 9020
45143 9021
45153 9022
45154 9023
45166 9024
45172 9025
45179 9026
45188 9027
45190 9028
45191 9029
45197 9030
45201 9031
45205 9032
45210 9033
45213 9034
45214 9035
45220 9036
45223 9037
45224 9038
45231 9039
45245 9040
45246 9041
45247 9042
45249 9043
45250 9044
45273 9045
45279 9046
45282 9047
45287 9048
45292 9049
45298 9050
45325 9051
45328 9052
45331 9053
45343 9054
45348 9055
45349 9056
45354 9057
45364 9058
45371 9059
45385 9060
45387 9061
45388 9062
45389 9063
45390 9064
45396 9065
45402 9066
45409 9067
45410 9068
45411 9069
45413 9070
45414 9071
45418 9072
45422 9073
45423 9074
45428 9075
45435 9076
45436 9077
45437 9078
45442 9079
45443 9080
45446 9081
45451 9082
45454 9083
45462 9084
45464 9085
45475 9086
45478 9087
45482 9088
45487 9089
45497 9090
45499 9091
45502 9092
45503 9093
45509 9094
45510 9095
45514 9096
45518 9097
45521 9098
45534 9099
45555 9100
45558 9101
45560 9102
45571 9103
45572 9104
45574 9105
45577 9106
45580 9107
45581 9108
45587 9109
45599 9110
45629 9111
45632 9112
45634 9113
45636 9114
45639 9115
45640 9116
45642 9117
45644 9118
45645 9119
45648 9120
45649 9121
45653 9122
45658 9123
45663 9124
45669 9125
45682 9126
45684 9127
45686 9128
45688 9129
45694 9130
45702 9131
45710 9132
45711 9133
45712 9134
45722 9135
45729 9136
45733 9137
45741 9138
45748 9139
45749 9140
45755 9141
45758 9142
45761 9143
45770 9144
45775 9145
45785 9146
45787 9147
45796 9148
45799 9149
45807 9150
45808 9151
45815 9152
45819 9153
45832 9154
45842 9155
45843 9156
45844 9157
45846 9158
45853 9159
45855 9160
45856 9161
45857 9162
45858 9163
45859 9164
45864 9165
45866 9166
45869 9167
45871 9168
45872 9169
45876 9170
45879 9171
45887 9172
45889 9173
45893 9174
45901 9175
45903 9176
45904 9177
45906 9178
45908 9179
45911 9180
45915 9181
